5 0.495679012345679 0.36333333333333334 0.16913580246913582 0.5333333333333333
5 0.3308641975308642 0.39 0.16049382716049382 0.5266666666666666
5 0.4697530864197531 0.75 0.09753086419753086 0.24
5 0.37222222222222223 0.7633333333333333 0.09506172839506173 0.22666666666666666
6 0.18580246913580248 0.3616666666666667 0.12962962962962962 0.47
6 0.2722222222222222 0.7433333333333333 0.10246913580246914 0.29333333333333333
6 0.575925925925926 0.7216666666666667 0.10493827160493827 0.30333333333333334
6 0.6364197530864197 0.34 0.11481481481481481 0.46
4 0.7407407407407407 0.305 0.0962962962962963 0.51
4 0.09135802469135802 0.38 0.05925925925925926 0.4666666666666667
4 0.1648148148148148 0.73 0.10987654320987654 0.25333333333333335
4 0.6808641975308642 0.685 0.10493827160493827 0.24333333333333335
1 0.8166666666666667 0.325 0.05308641975308642 0.37
1 0.04876543209876543 0.39 0.04814814814814815 0.37333333333333335
3 0.8537037037037037 0.3 0.03827160493827161 0.31333333333333335
3 0.021604938271604937 0.36666666666666664 0.02345679012345679 0.26
1 0.09320987654320988 0.7183333333333334 0.0728395061728395 0.20333333333333334
1 0.7685185185185185 0.6383333333333333 0.07037037037037037 0.16333333333333333
3 0.037654320987654324 0.6683333333333333 0.043209876543209874 0.17666666666666667
3 0.8277777777777777 0.5733333333333334 0.04814814814814815 0.12666666666666668
0 0.9067901234567901 0.275 0.07037037037037037 0.3233333333333333
0 0.8845679012345679 0.5366666666666666 0.07037037037037037 0.15333333333333332
2 0.9611111111111111 0.22833333333333333 0.03827160493827161 0.27666666666666667
2 0.941358024691358 0.4766666666666667 0.040740740740740744 0.12666666666666668