5 0.5736363636363636 0.41411042944785276 0.15257985257985257 0.48058282208588954
5 0.42147420147420145 0.40217791411042947 0.15126535626535625 0.49079754601226994
6 0.29659705159705163 0.39196319018404907 0.10082309582309582 0.40898773006134975
6 0.7005896805896805 0.39705521472392635 0.10131449631449631 0.45331288343558285
4 0.20175675675675675 0.36809815950920244 0.09130221130221129 0.4158282208588957
4 0.794066339066339 0.38515337423312884 0.0835995085995086 0.4499079754601227
1 0.8664004914004914 0.38171779141104295 0.05906633906633906 0.3612883435582822
1 0.1335135135135135 0.3612883435582822 0.0503931203931204 0.33401840490797546
3 0.9168918918918919 0.40730061349693253 0.04544226044226044 0.3033435582822086
3 0.08438574938574939 0.3391411042944785 0.044950859950859956 0.3238036809815951
0 0.9632923832923833 0.3476380368098159 0.04818181818181818 0.32720858895705524
0 0.03320638820638821 0.27095092024539874 0.05179361179361179 0.3374233128834356
5 0.5395331695331695 0.7685889570552147 0.08981572481572482 0.3510429447852761
5 0.4433169533169533 0.7685889570552147 0.09667076167076166 0.3442331288343558
6 0.3498280098280098 0.7276687116564418 0.09534398034398034 0.3374233128834356
6 0.6412039312039313 0.7822085889570553 0.10751842751842751 0.39196319018404907
4 0.738095823095823 0.7498159509202454 0.08563882063882063 0.38171779141104295
4 0.25224815724815725 0.6919018404907975 0.09401719901719902 0.3408282208588957
1 0.8159090909090909 0.7157361963190184 0.06996314496314497 0.354478527607362
1 0.17104422604422603 0.6765644171779142 0.06812039312039313 0.3238036809815951
3 0.8657125307125307 0.6867791411042944 0.05224815724815725 0.24880368098159508
3 0.12328009828009827 0.6186196319018404 0.054484029484029486 0.2283435582822086
0 0.9278132678132678 0.6612269938650307 0.06727272727272728 0.23177914110429448
0 0.06391891891891892 0.5776993865030675 0.0777027027027027 0.24880368098159508
2 0.9748894348894348 0.5964417177914111 0.04409090909090909 0.18404907975460122
2 0.020933660933660933 0.49760736196319016 0.03541769041769042 0.143159509202454