5 0.5756564417177914 0.42302752293577983 0.16328834355828223 0.5334556574923547
5 0.41277300613496937 0.42984709480122324 0.1619877300613497 0.5198776758409785
6 0.277840490797546 0.3992660550458716 0.11024539877300613 0.44513761467889906
6 0.704478527607362 0.42302752293577983 0.09373006134969325 0.45871559633027525
4 0.18174233128834355 0.39415902140672776 0.0789325153374233 0.45532110091743117
4 0.7971656441717792 0.37376146788990827 0.08824539877300613 0.48250764525993883
1 0.8700981595092024 0.3669724770642202 0.056858895705521474 0.33978593272171254
1 0.11154601226993864 0.3839755351681957 0.06123926380368098 0.36018348623853214
3 0.9150797546012269 0.3262079510703364 0.03856441717791411 0.26504587155963305
3 0.05429447852760736 0.3618654434250764 0.05035582822085889 0.3363914373088685
0 0.9477914110429448 0.25654434250764524 0.033128834355828224 0.24804281345565748
0 0.015447852760736196 0.29223241590214066 0.027202453987730062 0.24464831804281345
2 0.9777791411042944 0.20388379204892967 0.03041717791411043 0.1834862385321101
5 0.5490920245398773 0.8002140672782875 0.09379141104294478 0.2276452599388379
5 0.45299386503067485 0.8086850152905198 0.09519018404907975 0.23785932721712538
6 0.3568957055214724 0.7696330275229357 0.09931288343558282 0.30241590214067277
6 0.6472269938650307 0.793394495412844 0.10192638036809815 0.2820183486238532
4 0.2628466257668712 0.7237614678899082 0.09116564417177914 0.26504587155963305
4 0.7453742331288343 0.7560244648318043 0.09098159509202455 0.3567889908256881
1 0.17901840490797546 0.7118654434250764 0.07620858895705522 0.18688073394495414
1 0.8244294478527607 0.7152599388379205 0.06641717791411043 0.1936697247706422
3 0.8741840490797547 0.6320183486238532 0.06776687116564417 0.19027522935779817
3 0.11904294478527606 0.6303058103975535 0.05987730061349693 0.14611620795107033
0 0.9327975460122699 0.5538532110091744 0.06229447852760737 0.22425076452599388
0 0.05701840490797546 0.5759327217125383 0.058539877300613496 0.1529051987767584
2 0.9770920245398773 0.4740061162079511 0.03365644171779141 0.2072782874617737