5 0.5651612903225807 0.35269709543568467 0.14207130730050935 0.47560165975103735
5 0.4169609507640068 0.3511203319502075 0.14865874363327675 0.4787551867219917
6 0.6781324278438031 0.3638589211618257 0.08387096774193548 0.3574688796680498
6 0.3053310696095076 0.3558921161825726 0.0768760611205433 0.3479253112033195
4 0.759100169779287 0.2824896265560166 0.07867572156196945 0.47560165975103735
4 0.2328692699490662 0.29365145228215767 0.07037351443123939 0.42132780082987553
1 0.8126315789473684 0.3112033195020747 0.04735144312393888 0.37344398340248963
1 0.18455008488964347 0.3143983402489626 0.03904923599320883 0.33514522821576764
3 0.8485398981324279 0.30004149377593364 0.025178268251273346 0.28726141078838174
3 0.1597453310696095 0.28726141078838174 0.020780984719864178 0.24257261410788383
0 0.8694227504244483 0.21543568464730292 0.02256366723259762 0.21385892116182573
0 0.14407470288624788 0.18352697095435683 0.02601018675721562 0.2074688796680498
5 0.5370967741935484 0.7341078838174273 0.08853989813242784 0.28726141078838174
5 0.4476570458404075 0.7101659751037345 0.0898811544991511 0.25854771784232367
6 0.35886247877758914 0.6798755186721992 0.08468590831918506 0.31278008298755183
6 0.6285059422750424 0.7006224066390041 0.08850594227504245 0.3287551867219917
4 0.7140237691001697 0.7038174273858921 0.07933786078098472 0.4053526970954357
4 0.2831409168081494 0.6798755186721992 0.06904923599320884 0.37663900414937757
1 0.785195246179966 0.6463485477178423 0.049269949066213924 0.30962655601659755
1 0.22568760611205435 0.6431535269709544 0.048183361629881155 0.2649377593360996
3 0.8198132427843803 0.6128215767634855 0.038217317487266554 0.21705394190871372
3 0.19760611205432937 0.6000829875518673 0.033820033955857386 0.22979253112033196
0 0.8596264855687606 0.5665560165975103 0.04215619694397283 0.21385892116182573
0 0.1636672325976231 0.5713278008298756 0.033837011884550086 0.20427385892116182
2 0.8811714770797963 0.46921161825726143 0.03302207130730051 0.17236514522821578
2 0.14799660441426146 0.47717842323651455 0.02862478777589134 0.13726141078838175