5 0.5562893081761007 0.36335403726708076 0.15318238993710692 0.4782608695652174
5 0.4022264150943396 0.3416149068322981 0.14947169811320754 0.5093167701863354
6 0.6952830188679245 0.33540372670807456 0.11977358490566038 0.43478260869565216
6 0.27332075471698114 0.31832298136645965 0.11052830188679245 0.4254658385093168
4 0.8059496855345912 0.2857142857142857 0.09969811320754718 0.4720496894409938
4 0.17523270440251573 0.26242236024844723 0.08540880503144654 0.48757763975155277
1 0.8876981132075472 0.2546583850931677 0.062 0.39751552795031053
1 0.1110943396226415 0.2468944099378882 0.05022641509433962 0.35093167701863354
3 0.9442767295597485 0.2267080745341615 0.043622641509433964 0.34782608695652173
3 0.060163522012578616 0.2360248447204969 0.051496855345911946 0.2484472049689441
5 0.5537735849056604 0.6956521739130435 0.09784905660377359 0.32298136645962733
5 0.456314465408805 0.6972049689440993 0.0991446540880503 0.3136645962732919
6 0.3626163522012578 0.6645962732919255 0.08786163522012577 0.30434782608695654
6 0.6525031446540881 0.6816770186335404 0.09152201257861636 0.32608695652173914
4 0.7474591194968554 0.6816770186335404 0.09525786163522013 0.38819875776397517
4 0.2783647798742139 0.6537267080745341 0.08537106918238994 0.35714285714285715
1 0.8354842767295598 0.6459627329192547 0.07762264150943396 0.36024844720496896
1 0.20164779874213837 0.6211180124223602 0.06779874213836477 0.3105590062111801
3 0.897119496855346 0.5916149068322981 0.06753459119496855 0.2888198757763975
3 0.1331069182389937 0.5714285714285714 0.06656603773584906 0.32919254658385094
0 0.9606289308176101 0.5077639751552795 0.0670440251572327 0.2577639751552795
0 0.0689685534591195 0.5015527950310559 0.07162264150943395 0.2701863354037267
2 0.02369811320754717 0.34627329192546585 0.03642767295597484 0.17701863354037267