5 0.5962650602409638 0.3177573529411765 0.16965576592082615 0.47268382352941174
5 0.4253700516351119 0.315110294117647 0.1721170395869191 0.47268382352941174
5 0.5556970740103271 0.7116544117647059 0.10819277108433735 0.315110294117647
5 0.4462822719449226 0.7182352941176471 0.11065404475043031 0.32827205882352944
6 0.7333390705679862 0.35713235294117646 0.10449225473321859 0.325625
6 0.2815318416523236 0.34794117647058825 0.11555938037865748 0.32827205882352944
6 0.3393115318416523 0.6814705882352942 0.10080895008605852 0.33349264705882353
6 0.6601893287435456 0.6814705882352942 0.10080895008605852 0.3230147058823529
4 0.8132530120481928 0.3637132352941177 0.05285714285714286 0.3072426470588235
4 0.19179001721170397 0.3637132352941177 0.06392426850258176 0.33875
4 0.25018932874354566 0.6801470588235294 0.07499139414802065 0.336139705882353
4 0.7511703958691911 0.7037867647058824 0.07623063683304647 0.36764705882352944
1 0.8476764199655766 0.40308823529411764 0.018433734939759038 0.2127205882352941
1 0.14691910499139416 0.38996323529411764 0.025817555938037865 0.2231985294117647
1 0.18502581755593803 0.6591544117647059 0.0504130808950086 0.24683823529411764
1 0.8107917383820998 0.65125 0.040567986230636836 0.2520955882352941
3 0.8661101549053356 0.4070220588235294 0.015989672977624783 0.18382352941176472
3 0.15306368330464717 0.6394485294117648 0.02827882960413081 0.18643382352941176
3 0.8427538726333906 0.6407720588235294 0.02089500860585198 0.14705882352941177
0 0.12970740103270223 0.6040073529411765 0.03810671256454389 0.1680514705882353
0 0.8575043029259897 0.6079411764705883 0.023356282271944924 0.11290441176470589