5 0.5777055214723926 0.39274924471299094 0.16192638036809817 0.530392749244713
5 0.41277300613496937 0.40114803625377643 0.1647239263803681 0.5001812688821752
6 0.2730674846625767 0.3826888217522659 0.10888343558282208 0.4162537764350453
6 0.7140245398773005 0.3390332326283988 0.10736196319018405 0.4229607250755287
4 0.8039877300613497 0.3272809667673716 0.06915337423312884 0.4330211480362538
4 0.1783312883435583 0.3759516616314199 0.08029447852760736 0.40280966767371607
1 0.8646380368098159 0.32057401812688824 0.048687116564417175 0.35918429003021146
1 0.11154601226993864 0.3356797583081571 0.05305521472392638 0.36924471299093653
3 0.9103190184049079 0.2651963746223565 0.04265030674846625 0.308821752265861
3 0.06588957055214724 0.3071601208459215 0.040809815950920245 0.2651963746223565
0 0.9471165644171778 0.1728700906344411 0.042662576687116566 0.2719033232628399
0 0.04679754601226994 0.21818731117824772 0.027190184049079753 0.12755287009063443
2 0.981877300613497 0.12924471299093657 0.03041717791411043 0.17791540785498489
2 0.018184049079754603 0.19806646525679758 0.02992638036809816 0.14099697885196374
5 0.5204662576687117 0.7636858006042296 0.0828957055214724 0.21818731117824772
5 0.42914110429447855 0.770392749244713 0.09656441717791411 0.2383383685800604
6 0.3282699386503068 0.7552870090634441 0.10204907975460123 0.3289728096676737
6 0.6186012269938651 0.7099697885196374 0.10739877300613497 0.3121752265861027
4 0.2342208588957055 0.7552870090634441 0.08573006134969326 0.3423867069486405
4 0.7174233128834356 0.7049244712990937 0.0841840490797546 0.3155287009063444
1 0.15992638036809817 0.7233836858006042 0.08711656441717791 0.29205438066465256
1 0.7964907975460123 0.6713595166163142 0.07597546012269939 0.25510574018126886
3 0.10063803680981595 0.607583081570997 0.06942331288343558 0.18126888217522658
3 0.8544171779141104 0.5790634441087613 0.04733742331288343 0.1577643504531722
0 0.9143926380368098 0.4984894259818731 0.06639263803680981 0.1577643504531722
0 0.03452760736196319 0.4800302114803625 0.05717791411042945 0.29540785498489425
2 0.9539263803680982 0.35749244712990935 0.041840490797546016 0.10404833836858006