5 0.5545991561181435 0.31329230769230765 0.15187060478199718 0.35246153846153844
5 0.4005485232067511 0.3035076923076923 0.1429817158931083 0.35523076923076924
6 0.6882137834036568 0.2951076923076923 0.11023909985935301 0.3328615384615385
6 0.27271448663853726 0.2951076923076923 0.10724331926863573 0.3048923076923077
4 0.7879184247538679 0.28670769230769233 0.08727144866385372 0.3664307692307692
4 0.1870745428973277 0.2545538461538462 0.07147679324894515 0.3748307692307692
1 0.8441631504922645 0.30070769230769234 0.05661040787623066 0.2825230769230769
1 0.1378621659634318 0.27132307692307694 0.04976090014064698 0.2797230769230769
3 0.8844303797468355 0.28532307692307696 0.05022503516174402 0.2629230769230769
3 0.09822784810126582 0.26153846153846155 0.039549929676511955 0.2657230769230769
0 0.9234177215189873 0.24895384615384614 0.025949367088607594 0.15664615384615382
0 0.06818565400843882 0.24055384615384617 0.02037974683544304 0.1734153846153846
5 0.47725738396624473 0.7762153846153846 0.08926863572433193 0.3104923076923077
5 0.3909704641350211 0.7636307692307692 0.08291139240506329 0.2629230769230769
6 0.30659634317862167 0.7468615384615385 0.08293952180028129 0.2629230769230769
6 0.5686638537271449 0.7888000000000001 0.09050632911392405 0.2797230769230769
4 0.6645428973277074 0.7510461538461538 0.09047819971870605 0.3384615384615385
4 0.22925457102672292 0.7580307692307693 0.07402250351617441 0.3188923076923077
1 0.7565822784810126 0.7776307692307692 0.09043600562587904 0.3076923076923077
1 0.16853727144866384 0.7524615384615385 0.07275668073136426 0.3076923076923077
3 0.8211392405063291 0.7300615384615385 0.07890295358649789 0.25735384615384616
3 0.13402250351617442 0.6797230769230769 0.057440225035161746 0.24615384615384617
0 0.8652461322081576 0.6307692307692307 0.08784810126582279 0.2601538461538461
0 0.09759493670886076 0.5594461538461538 0.06383966244725739 0.21818461538461537
2 0.9163853727144866 0.5272615384615384 0.054585091420534464 0.1874153846153846