5 0.5209358288770054 0.13047970479704796 0.10850267379679145 0.15022140221402214
5 0.4111497326203209 0.14498154981549816 0.110427807486631 0.16343173431734317
6 0.603048128342246 0.18055350553505534 0.0779144385026738 0.15022140221402214
6 0.33093582887700534 0.19767527675276753 0.0875668449197861 0.14760147601476015
4 0.27748663101604276 0.31103321033210335 0.1143048128342246 0.14760147601476015
4 0.6651069518716578 0.2807011070110701 0.106524064171123 0.1554981549815498
1 0.2421390374331551 0.44675276752767523 0.12387700534759358 0.12387453874538745
1 0.7042513368983957 0.4177490774907749 0.12368983957219251 0.1344280442804428
3 0.20967914438502674 0.5653505535055351 0.1162566844919786 0.11859778597785978
3 0.7386096256684492 0.541660516605166 0.12368983957219251 0.12915129151291513
0 0.18676470588235292 0.7248339483394834 0.14681818181818182 0.2003321033210332
0 0.7815775401069519 0.6813284132841327 0.15229946524064172 0.2240221402214022
2 0.1629144385026738 0.8856088560885609 0.141096256684492 0.17394833948339483
2 0.8274064171122995 0.847380073800738 0.1370053475935829 0.1818819188191882