5 0.5661150070126227 0.3875862068965517 0.15044880785413745 0.40467084639498435
5 0.41757363253856944 0.3733228840125392 0.1440813464235624 0.427460815047022
5 0.5087377279102384 0.7295611285266458 0.09945301542776998 0.27357366771159874
5 0.41374474053295934 0.7039184952978057 0.09053295932678822 0.23369905956112852
6 0.2913464235624123 0.40893416927899684 0.10328190743338009 0.3505329153605016
6 0.31619915848527347 0.7324137931034482 0.10455820476858345 0.28498432601880874
6 0.6037166900420757 0.7124451410658308 0.09053295932678822 0.23369905956112852
6 0.6897896213183731 0.4317554858934169 0.09690042075736326 0.3334169278996865
4 0.6942496493688639 0.7252664576802508 0.08798036465638148 0.2536363636363636
4 0.23842917251051893 0.7409404388714734 0.053548387096774196 0.30777429467084644
4 0.7809537166900421 0.41608150470219435 0.08287517531556803 0.3818808777429467
4 0.20527349228611502 0.4203448275862069 0.06374474053295934 0.3448275862068966
1 0.14789621318373072 0.427460815047022 0.04845722300140252 0.3020689655172414
1 0.18169705469845723 0.7224137931034482 0.05992987377279102 0.26504702194357366
1 0.7796774193548387 0.7124451410658308 0.07776998597475457 0.2165830721003135
1 0.8415147265077139 0.427460815047022 0.05865357643758766 0.2963949843260188
3 0.10964936886395513 0.40752351097178685 0.028050490883590462 0.21087774294670844
3 0.13196353436185135 0.665423197492163 0.039523141654978965 0.16815047021943574
3 0.8485273492286115 0.6668652037617554 0.05482468443197756 0.17100313479623824
3 0.8899719495091164 0.40326018808777425 0.033155680224403926 0.213730407523511
0 0.06949509116409537 0.37191222570532917 0.0497194950911641 0.1396551724137931
0 0.08478260869565218 0.5685266457680251 0.07523141654978963 0.213730407523511
0 0.9403225806451614 0.31347962382445144 0.0650210378681627 0.21087774294670844
0 0.9122720897615709 0.5357680250783698 0.08032258064516129 0.21087774294670844
2 0.976227208976157 0.427460815047022 0.04755960729312762 0.16529780564263322
2 0.986227208976157 0.24081504702194356 0.026774193548387098 0.12824451410658305