5 0.5607329192546584 0.3511989100817438 0.14877018633540373 0.47836512261580383
5 0.40547826086956523 0.3572479564032698 0.16124223602484475 0.4904632152588556
6 0.6814906832298137 0.34362397820163487 0.08937888198757764 0.4329427792915531
6 0.28059627329192544 0.34664850136239783 0.09091925465838509 0.4208174386920981
4 0.7725838509316769 0.3057765667574932 0.09280745341614906 0.5207356948228883
4 0.1902111801242236 0.31182561307901907 0.08956521739130434 0.4844141689373297
1 0.8484844720496894 0.3163760217983651 0.06524223602484472 0.3723978201634877
1 0.12190062111801242 0.34362397820163487 0.05509316770186336 0.36632152588555855
3 0.9009192546583851 0.30275204359673025 0.05145341614906832 0.33907356948228884
3 0.0777391304347826 0.34362397820163487 0.033031055900621116 0.31182561307901907
0 0.9430186335403726 0.32697547683923706 0.047329192546583854 0.2845776566757493
0 0.04254658385093168 0.3330245231607629 0.034422360248447206 0.26643051771117165
5 0.5352049689440993 0.7069209809264305 0.10048447204968944 0.3602724795640327
5 0.43930434782608696 0.7069209809264305 0.09085714285714286 0.3602724795640327
6 0.3440745341614907 0.7099727520435968 0.10745341614906832 0.38449591280653955
6 0.628360248447205 0.7326702997275204 0.08802484472049689 0.4299182561307902
4 0.7201242236024845 0.7402452316076295 0.08936645962732918 0.49348773841961857
4 0.24472049689440994 0.7296457765667574 0.09093167701863354 0.44806539509536786
1 0.7980993788819876 0.6569754768392371 0.06036024844720497 0.3572479564032698
1 0.179167701863354 0.7038964577656676 0.0564472049689441 0.3905449591280654
3 0.8553788819875777 0.6388010899182561 0.051440993788819875 0.27852861035422344
3 0.12880745341614908 0.66 0.046807453416149065 0.30275204359673025
0 0.9119627329192547 0.5676566757493189 0.06249689440993789 0.19678474114441416
0 0.08670807453416149 0.6327520435967302 0.03716770186335404 0.2300817438692098
2 0.05566459627329193 0.5706811989100817 0.03304347826086957 0.1907356948228883