5 0.5854231433506044 0.08962209302325581 0.13065630397236616 0.17927325581395348
5 0.4530397236614853 0.09084302325581395 0.13357512953367875 0.1816860465116279
6 0.3522970639032815 0.14534883720930233 0.10772020725388601 0.16956395348837208
6 0.6875993091537133 0.1611046511627907 0.10184801381692574 0.16715116279069767
4 0.7523661485319516 0.2931104651162791 0.11115716753022452 0.16956395348837208
4 0.29043177892918826 0.2592151162790698 0.10773747841105355 0.1744186046511628
1 0.7840241796200346 0.4493604651162791 0.12842832469775475 0.1865406976744186
1 0.2544559585492228 0.41302325581395355 0.13077720207253885 0.1768313953488372
3 0.8156822107081174 0.592296511627907 0.1370811744386874 0.1768313953488372
3 0.2263903281519862 0.5535465116279069 0.13797927461139897 0.1768313953488372
0 0.8408635578583765 0.7872965116279069 0.15580310880829015 0.2810174418604651
0 0.19329879101899827 0.7545930232558139 0.15815198618307424 0.28828488372093025
2 0.16018998272884283 0.9035755813953488 0.14664939550949913 0.17927325581395348
2 0.8682037996545768 0.924186046511628 0.14141623488773747 0.13322674418604652