5 0.5579293544457978 0.41786743515850144 0.14857490864799025 0.4002593659942363
5 0.4117904993909866 0.42907780979827087 0.1405115712545676 0.3842363112391931
5 0.5349330085261876 0.8005187319884726 0.08364190012180268 0.32659942363112393
5 0.4496833130328867 0.8101152737752162 0.08096224116930573 0.3138040345821326
6 0.2927161997563946 0.4034582132564842 0.09455542021924482 0.32659942363112393
6 0.6817417783191231 0.3970605187319885 0.09576126674786846 0.32020172910662825
6 0.3664677222898904 0.792507204610951 0.08505481120584653 0.3234005763688761
6 0.6201705237515226 0.7732853025936599 0.08630937880633374 0.30420749279538906
4 0.20205846528623628 0.3474351585014409 0.08917174177831912 0.34262247838616716
4 0.28190012180267965 0.7668876080691643 0.08372716199756394 0.34262247838616716
4 0.7047381242387333 0.7460806916426512 0.08221680876979294 0.3522190201729107
4 0.7730694275274057 0.3314121037463977 0.08354445797807553 0.32979827089337177
1 0.8454811205846529 0.2961959654178674 0.05856272838002436 0.284985590778098
1 0.1310353227771011 0.31538904899135445 0.05266747868453106 0.2721613832853026
1 0.20544457978075517 0.7028530259365994 0.06887941534713764 0.31060518731988473
1 0.7798416565164433 0.672420749279539 0.06188794153471377 0.3138040345821326
3 0.8332886723507917 0.571556195965418 0.044287454323995126 0.25296829971181556
3 0.15741778319123023 0.5859654178674352 0.0458952496954933 0.23694524495677233
3 0.8928380024360536 0.2657636887608069 0.03422655298416565 0.21132564841498558
3 0.09043848964677223 0.2609798270893372 0.028331303288672352 0.1953314121037464
0 0.9293666260657735 0.15368876080691643 0.03694275274056029 0.15368876080691643
0 0.05254567600487211 0.18092219020172912 0.04187576126674787 0.1440922190201729
0 0.11411693057247259 0.5235446685878962 0.040499390986601706 0.1504899135446686
0 0.871851400730816 0.5107204610951008 0.037503045066991474 0.1504899135446686
2 0.8989159561510354 0.4162536023054755 0.03749086479902558 0.08965417867435159
2 0.08773447015834349 0.41466858789625355 0.03373934226552984 0.11207492795389049