5 0.5590418353576249 0.4371165644171779 0.1751417004048583 0.4815950920245399
5 0.3802564102564102 0.43098159509202455 0.18195681511470987 0.4938650306748466
6 0.23319838056680164 0.4171779141104294 0.11724696356275303 0.4233128834355828
6 0.6946558704453442 0.40797546012269936 0.09278002699055331 0.4171779141104294
4 0.7924966261808367 0.4110429447852761 0.10290148448043185 0.4233128834355828
4 0.11985155195681511 0.40797546012269936 0.111889338731444 0.38650306748466257
1 0.866693657219973 0.39263803680981596 0.07863697705802969 0.3128834355828221
1 0.04632928475033738 0.39570552147239263 0.06739541160593791 0.27607361963190186
3 0.9085290148448043 0.38650306748466257 0.057071524966261805 0.2331288343558282
0 0.954399460188934 0.30828220858895705 0.05168690958164642 0.21779141104294478
5 0.5293657219973009 0.7730061349693251 0.10229419703103913 0.26380368098159507
5 0.4193927125506073 0.7929447852760736 0.09828609986504723 0.29754601226993865
6 0.31213225371120107 0.7638036809815951 0.10507422402159244 0.3128834355828221
6 0.6271929824561403 0.7469325153374233 0.09280701754385964 0.2668711656441718
4 0.714885290148448 0.74079754601227 0.08468286099865047 0.34049079754601225
4 0.20620782726045886 0.7300613496932515 0.11186234817813766 0.3496932515337423
1 0.7998920377867746 0.700920245398773 0.08195681511470984 0.27300613496932513
1 0.10704453441295546 0.6702453987730062 0.08356275303643725 0.24846625766871167
3 0.8599460188933874 0.6088957055214724 0.05164642375168691 0.17484662576687116
3 0.04497975708502024 0.5843558282208589 0.059298245614035086 0.19938650306748465
0 0.9132388663967612 0.5352760736196319 0.05302294197031039 0.18098159509202455