5 0.5821241379310345 0.34682730923694777 0.1351448275862069 0.5476305220883535
5 0.4442206896551724 0.354136546184739 0.14020689655172414 0.5257429718875501
6 0.6993655172413793 0.38518072289156624 0.09682758620689655 0.36875502008032124
6 0.3295172413793104 0.4162248995983936 0.0863448275862069 0.3942971887550201
4 0.7846206896551724 0.337710843373494 0.07179310344827586 0.5074698795180723
4 0.24426206896551725 0.4234939759036145 0.08386206896551723 0.4892369477911646
1 0.8479310344827586 0.3614457831325301 0.053006896551724136 0.3651004016064257
1 0.1759448275862069 0.45819277108433737 0.05004137931034483 0.36875502008032124
3 0.8886758620689654 0.3340562248995984 0.029200000000000004 0.3176305220883534
3 0.13332413793103448 0.47461847389558237 0.03502068965517242 0.28477911646586346
0 0.9206344827586207 0.2865863453815261 0.03798620689655172 0.28112449799196787
0 0.09758620689655173 0.43445783132530125 0.043806896551724143 0.24827309236947792
2 0.9557379310344827 0.25738955823293175 0.030482758620689658 0.23730923694779119
2 0.056220689655172414 0.37606425702811247 0.04131034482758621 0.29208835341365463
5 0.5652275862068966 0.7813253012048194 0.09427586206896552 0.4162248995983936
5 0.47369655172413794 0.7794779116465863 0.08922758620689655 0.412570281124498
6 0.6586206896551724 0.7320080321285141 0.08804137931034482 0.3906425702811245
6 0.38217931034482755 0.7721686746987952 0.09169655172413793 0.38333333333333336
4 0.7451310344827586 0.7375100401606425 0.08306206896551724 0.3942971887550201
4 0.2919172413793103 0.7831325301204819 0.08915862068965517 0.40526104417670683
1 0.8153379310344827 0.6936947791164658 0.08308965517241379 0.35048192771084336
1 0.21293793103448275 0.764859437751004 0.07157241379310345 0.3614457831325301
3 0.8755034482758621 0.6571887550200802 0.06304827586206897 0.3139759036144579
3 0.16340689655172413 0.7283534136546185 0.05023448275862069 0.23
0 0.9294206896551724 0.5823293172690763 0.07310344827586207 0.31032128514056223
0 0.11326896551724139 0.6955020080321286 0.08281379310344827 0.28112449799196787
2 0.9620137931034484 0.4855823293172691 0.04302068965517242 0.20445783132530118
2 0.06624827586206897 0.62429718875502 0.05897931034482758 0.17526104417670682