5 0.5606333739342265 0.4162536023054755 0.14046285018270402 0.4098559077809798
5 0.41246041412911083 0.427463976945245 0.1445797807551766 0.38103746397694527
6 0.2927161997563946 0.39864553314121043 0.09185140073081607 0.32979827089337177
6 0.681753958587089 0.3970605187319885 0.09367844092570037 0.33302593659942364
4 0.7744457978075519 0.32979827089337177 0.08694275274056029 0.3394236311239193
4 0.20544457978075517 0.3410086455331412 0.085115712545676 0.3362247838616715
1 0.8468331303288672 0.29939481268011525 0.05856272838002436 0.2721613832853026
1 0.13440925700365408 0.30899135446685877 0.05401948842874543 0.2721613832853026
3 0.8996102314250914 0.23536023054755043 0.047746650426309385 0.24657060518731988
3 0.09517661388550548 0.26417867435158504 0.026967113276492084 0.2017291066282421
0 0.9374908647990255 0.14247838616714698 0.03694275274056029 0.1440922190201729
0 0.06946406820950062 0.2097406340057637 0.024275274056029233 0.15688760806916427
2 0.04375152253349574 0.13769452449567723 0.029695493300852617 0.11527377521613832
5 0.5389890377588307 0.8021037463976944 0.08092570036540804 0.3234005763688761
5 0.45442143727161993 0.813314121037464 0.08501827040194884 0.3138040345821326
6 0.6208647990255786 0.7748991354466859 0.09093788063337394 0.32659942363112393
6 0.3678197320341048 0.7908933717579251 0.09046285018270402 0.3138040345821326
4 0.704068209500609 0.750893371757925 0.09169305724725944 0.36184438040345823
4 0.28866017052375154 0.7604899135446685 0.08643118148599269 0.32979827089337177
1 0.7798538367844092 0.670835734870317 0.07070645554202191 0.31060518731988473
1 0.20814859926918391 0.6980403458213257 0.07428745432399513 0.3009798270893372
3 0.8285627283800243 0.571556195965418 0.04907429963459196 0.2721613832853026
3 0.16215590742996344 0.5859654178674352 0.04995127892813642 0.23694524495677233
0 0.868477466504263 0.47870317002881846 0.05585870889159562 0.1953314121037464
0 0.12696711327649207 0.5139193083573488 0.05807551766138855 0.1953314121037464
2 0.90231425091352 0.3906628242074928 0.03963459196102314 0.14089337175792507
2 0.09517661388550548 0.40827089337175787 0.04320341047503045 0.1440922190201729