5 0.5666666666666667 0.35060975609756095 0.14111515151515153 0.46408536585365856
5 0.4286424242424242 0.35570121951219513 0.13983030303030303 0.4539329268292682
6 0.31082424242424245 0.36246951219512197 0.09543030303030303 0.3590853658536585
6 0.6818181818181818 0.3353658536585366 0.09187878787878788 0.40649390243902445
4 0.2206060606060606 0.32182926829268294 0.0846909090909091 0.4268292682926829
4 0.7767515151515152 0.29810975609756096 0.09595151515151515 0.44716463414634144
1 0.8535030303030303 0.2947256097560976 0.06366060606060607 0.33875
1 0.1505939393939394 0.3438414634146342 0.05509090909090909 0.3014939024390244
3 0.9053454545454545 0.28792682926829266 0.04078787878787879 0.2913414634146341
3 0.10278787878787879 0.32859756097560977 0.04568484848484848 0.3048780487804878
0 0.9477575757575757 0.28625 0.044848484848484846 0.27439024390243905
0 0.060375757575757576 0.3048780487804878 0.04705454545454545 0.27777439024390244
2 0.9767030303030303 0.2506707317073171 0.027345454545454544 0.23713414634146343
2 0.024690909090909093 0.27948170731707317 0.03494545454545454 0.2608536585365854
5 0.5444606060606061 0.7926829268292683 0.08053333333333333 0.3861890243902439
5 0.45894545454545455 0.7943902439024391 0.08729696969696969 0.39634146341463417
6 0.6279393939393939 0.7825304878048781 0.0832 0.3997256097560976
6 0.3747878787878788 0.7689634146341463 0.08059393939393938 0.3726219512195122
4 0.714121212121212 0.7503353658536586 0.09393939393939393 0.4369817073170732
4 0.29129696969696967 0.765579268292683 0.09678787878787878 0.43359756097560975
1 0.7922303030303031 0.6707317073170732 0.06498181818181818 0.28454268292682927
1 0.2206060606060606 0.6893597560975611 0.07392727272727273 0.3014939024390244
3 0.8427272727272728 0.6046646341463415 0.06366060606060607 0.27439024390243905
3 0.16741818181818183 0.6165243902439025 0.06181818181818182 0.2303658536585366
0 0.9046666666666667 0.5725 0.06906666666666667 0.2506707317073171
0 0.11153939393939394 0.584359756097561 0.07127272727272727 0.1863109756097561
2 0.9383272727272728 0.5149085365853658 0.034072727272727275 0.16939024390243904
2 0.06373333333333334 0.5250609756097561 0.05109090909090909 0.16259146341463415