5 0.5588724832214765 0.4393888888888889 0.14154362416107383 0.39899999999999997
5 0.4130604026845638 0.43686111111111114 0.1476510067114094 0.40908333333333335
5 0.527758389261745 0.7209722222222222 0.08664429530201342 0.1540277777777778
5 0.4423489932885906 0.7234722222222222 0.07687248322147651 0.1540277777777778
6 0.29590604026845635 0.4191944444444444 0.08664429530201342 0.33838888888888885
6 0.3599731543624161 0.6818055555555556 0.08297986577181209 0.17677777777777778
6 0.6162281879194631 0.6893888888888889 0.08542281879194631 0.2070833333333333
6 0.6772483221476511 0.4141388888888889 0.09273825503355705 0.34344444444444444
4 0.21598657718120806 0.37375 0.07077852348993288 0.3535277777777778
4 0.2745637583892618 0.6451944444444445 0.08053691275167785 0.2651388888888889
4 0.7034765100671141 0.6527777777777778 0.08420134228187919 0.29041666666666666
4 0.7681476510067113 0.37375 0.08420134228187919 0.34847222222222224
1 0.1506979865771812 0.34597222222222224 0.05735570469798657 0.2878888888888889
1 0.19340939597315437 0.59975 0.07442953020134228 0.21463888888888888
1 0.7895033557046979 0.6022777777777778 0.0634496644295302 0.2348611111111111
1 0.840751677852349 0.35858333333333337 0.05857718120805369 0.26263888888888887
3 0.0982281879194631 0.3421666666666667 0.04758389261744967 0.2348611111111111
3 0.13118120805369127 0.5694444444444444 0.050026845637583896 0.15908333333333335
3 0.8511275167785235 0.5896388888888889 0.059798657718120804 0.18433333333333332
3 0.8981073825503356 0.3371111111111111 0.05124832214765101 0.2348611111111111
0 0.04575838926174497 0.30933333333333335 0.054912751677852346 0.20958333333333334
0 0.06833557046979866 0.5176666666666667 0.07322147651006711 0.18180555555555555
0 0.9206845637583893 0.5328333333333333 0.07931543624161075 0.16161111111111112
0 0.9548456375838926 0.3131388888888889 0.059798657718120804 0.20202777777777778
2 0.017691275167785233 0.44066666666666665 0.025624161073825504 0.09847222222222222