5 0.5738966480446928 0.40891566265060236 0.13712290502793298 0.44542168674698795
5 0.4367737430167598 0.4070682730923695 0.13205307262569832 0.4563855421686747
5 0.5351675977653632 0.7484337349397591 0.06983240223463687 0.24096385542168675
5 0.4545391061452514 0.7356626506024097 0.07871508379888269 0.2081124497991968
6 0.32122905027932963 0.412570281124498 0.09649441340782124 0.40160642570281124
6 0.3726536312849162 0.7210843373493976 0.08252793296089386 0.2081124497991968
6 0.6951536312849163 0.40891566265060236 0.10284916201117318 0.4162248995983936
6 0.6145251396648045 0.7265461847389558 0.08125698324022346 0.18983935742971889
4 0.7967178770949721 0.3942971887550201 0.10284916201117318 0.47461847389558237
4 0.22600558659217876 0.40160642570281124 0.09141061452513967 0.44542168674698795
4 0.2850418994413408 0.7447791164658634 0.0901536312849162 0.30666666666666664
4 0.7046787709497206 0.7429718875502008 0.099036312849162 0.2446184738955823
1 0.8652932960893854 0.4399598393574297 0.05459497206703911 0.3176305220883534
1 0.16061452513966482 0.43630522088353413 0.05967877094972067 0.3176305220883534
1 0.2088687150837989 0.7320080321285141 0.062220670391061446 0.288433734939759
1 0.7884776536312849 0.7393172690763052 0.06856145251396649 0.21542168674698794
3 0.9014664804469275 0.4308032128514056 0.04062849162011173 0.29208835341365463
3 0.12506983240223463 0.4508835341365462 0.03681564245810056 0.27381526104417675
3 0.1587150837988827 0.7137751004016064 0.03808659217877095 0.23
3 0.847513966480447 0.708273092369478 0.04698324022346369 0.21176706827309236
0 0.9370251396648044 0.41072289156626507 0.03047486033519553 0.23730923694779119
0 0.0901536312849162 0.4399598393574297 0.033016759776536314 0.25923694779116463
0 0.11681564245810055 0.6881927710843374 0.04062849162011173 0.19349397590361445
0 0.8976675977653632 0.6863855421686746 0.05332402234636872 0.17526104417670682
2 0.055865921787709494 0.44542168674698795 0.033016759776536314 0.1825301204819277
2 0.08189944134078213 0.6736144578313252 0.02920391061452514 0.14967871485943776
2 0.9414664804469274 0.626144578313253 0.03174581005586592 0.14236947791164659