5 0.47905000000000003 0.11925042589437819 0.08895 0.1362862010221465
5 0.562075 0.11681431005110732 0.07285 0.1362862010221465
6 0.640625 0.15332197614991483 0.0764 0.1557580919931857
6 0.3871 0.14480408858603067 0.0872 0.15332197614991483
4 0.299625 0.18739352640545145 0.0801 0.18008517887563882
4 0.72275 0.21294718909710392 0.09065 0.18739352640545145
1 0.23177499999999998 0.28960817717206133 0.0944125 0.17522998296422487
1 0.7924 0.32124361158432707 0.0879125 0.17522998296422487
3 0.1871375 0.4112947189097104 0.11227499999999999 0.18008517887563882
3 0.8432875 0.44657580919931855 0.09686249999999999 0.16304940374787052
0 0.1710625 0.5804258943781941 0.1729875 0.23606473594548552
0 0.8914875000000001 0.6144974446337308 0.1076 0.24093696763202727
2 0.1469625 0.806763202725724 0.17835 0.22146507666098808
2 0.884325 0.844480408858603 0.1816375 0.2190289608177172