5 0.5899305555555555 0.38 0.13719444444444445 0.46
5 0.4538472222222222 0.37 0.13445833333333335 0.4533333333333333
5 0.5809027777777778 0.78 0.08581944444444445 0.34
5 0.4955 0.7683333333333333 0.08168055555555556 0.3433333333333333
6 0.3399861111111111 0.3466666666666667 0.09284722222222222 0.38
6 0.41080555555555553 0.77 0.08726388888888889 0.35333333333333333
6 0.7010277777777778 0.39166666666666666 0.08159722222222222 0.37
6 0.6621388888888889 0.77 0.07329166666666667 0.36
4 0.7850277777777778 0.3516666666666667 0.08018055555555555 0.39666666666666667
4 0.24694444444444447 0.31 0.0901111111111111 0.4266666666666667
4 0.3198472222222222 0.765 0.0942361111111111 0.38333333333333336
4 0.7419861111111111 0.7516666666666667 0.08297222222222222 0.39
1 0.8565555555555556 0.3383333333333333 0.062875 0.36333333333333334
1 0.16570833333333335 0.30333333333333334 0.06652777777777777 0.36666666666666664
1 0.23097222222222225 0.7183333333333334 0.0803888888888889 0.37
1 0.8086388888888889 0.7033333333333334 0.07183333333333333 0.30666666666666664
3 0.9051527777777778 0.31666666666666665 0.04068055555555555 0.3333333333333333
3 0.10530555555555554 0.2733333333333333 0.05405555555555556 0.35333333333333333
3 0.17126388888888888 0.67 0.07763888888888888 0.32
3 0.8620972222222223 0.6733333333333333 0.064875 0.3
0 0.9468194444444445 0.295 0.04069444444444444 0.31
0 0.05670833333333333 0.25166666666666665 0.03740277777777778 0.27666666666666667
0 0.08863888888888889 0.6133333333333333 0.08461111111111111 0.3
0 0.9079305555555556 0.6283333333333333 0.06763888888888889 0.23