5 0.5899624530663329 0.367027027027027 0.166558197747184 0.5071771771771771
5 0.42729662077596997 0.35534534534534534 0.15549436795994992 0.5105105105105106
5 0.5559073842302878 0.789129129129129 0.09566958698372965 0.3503603603603604
5 0.45858573216520654 0.7841141141141141 0.09013767209011264 0.36036036036036034
6 0.29660826032540677 0.367027027027027 0.10271589486858572 0.4471171171171171
6 0.3598748435544431 0.7624324324324324 0.10408010012515644 0.32366366366366367
6 0.6567083854818524 0.7807807807807807 0.09702127659574468 0.367027027027027
6 0.724142678347935 0.3636936936936937 0.0983854818523154 0.4738138138138138
4 0.1992866082603254 0.3286486486486486 0.0916270337922403 0.5438738738738739
4 0.8187108886107635 0.34702702702702704 0.09075093867334168 0.5138438438438439
4 0.27088861076345433 0.7807807807807807 0.07075093867334167 0.367027027027027
4 0.7491739674593242 0.7607507507507508 0.08446808510638297 0.326996996996997
1 0.8951689612015019 0.3336636636636637 0.06296620775969963 0.46714714714714717
1 0.12768460575719648 0.37036036036036035 0.05133917396745933 0.4137537537537538
1 0.1951188986232791 0.774114114114114 0.07494367959949938 0.3536936936936937
1 0.8277346683354193 0.7524324324324324 0.06914893617021277 0.30363363363363366
3 0.07971214017521902 0.3787087087087087 0.04718397997496872 0.3636936936936937
3 0.1304630788485607 0.7107207207207207 0.054117647058823534 0.28027027027027024
3 0.9055819774718398 0.7140540540540541 0.08023779724655819 0.28027027027027024
3 0.9445306633291614 0.367027027027027 0.03657071339173967 0.3536936936936937
0 0.030362953692115145 0.326996996996997 0.0513767209011264 0.42042042042042044
0 0.0678973717146433 0.6806906906906907 0.06804755944931164 0.23357357357357358
0 0.9806758448060074 0.32366366366366367 0.03658322903629537 0.3203303303303303
2 0.017146433041301624 0.6690090090090091 0.03330413016270338 0.2369069069069069
0 0.9667709637046309 0.633963963963964 0.04962453066332916 0.2068768768768769