5 0.5904621848739495 0.45600638977635777 0.1461344537815126 0.4472843450479233
5 0.4504341736694678 0.469073482428115 0.13599439775910363 0.45019169329073483
6 0.32504201680672273 0.47779552715654955 0.10931372549019608 0.38629392971246007
6 0.7158683473389356 0.4530990415335463 0.10469187675070028 0.3950159744408946
4 0.8100700280112044 0.4400319488817891 0.08435574229691876 0.4618210862619809
4 0.22065826330532215 0.45162939297124605 0.09662464985994397 0.45019169329073483
1 0.8730812324929972 0.4676038338658147 0.04746498599439776 0.3369009584664537
1 0.14301120448179272 0.47051118210862625 0.058459383753501404 0.37175718849840256
3 0.9093557422969187 0.4458466453674122 0.030938375350140056 0.31076677316293927
3 0.09591036414565828 0.4676038338658147 0.050840336134453774 0.3369009584664537
0 0.9430952380952381 0.40952076677316296 0.02712885154061625 0.29626198083067096
0 0.048165266106442575 0.42115015974440895 0.04704481792717087 0.29626198083067096
2 0.9621848739495799 0.3819488817891374 0.029677871148459385 0.22364217252396165
2 0.012941176470588235 0.42258785942492016 0.025868347338935574 0.22364217252396165
5 0.5700980392156862 0.784185303514377 0.09012605042016805 0.29626198083067096
5 0.48162464985994397 0.7769329073482428 0.08634453781512605 0.27012779552715654
6 0.3918767507002801 0.7769329073482428 0.09019607843137256 0.28753993610223644
6 0.6579271708683473 0.7725878594249201 0.08754901960784313 0.3020766773162939
4 0.7457843137254903 0.7870926517571886 0.09324929971988795 0.36597444089456865
4 0.3014985994397759 0.7987220447284346 0.09277310924369747 0.3427156549520767
1 0.8215266106442578 0.7725878594249201 0.061456582633053224 0.23817891373801917
1 0.21492997198879554 0.801629392971246 0.08007002801120448 0.24977635782747606
3 0.8737254901960785 0.7667731629392971 0.04620448179271709 0.23236421725239617
3 0.14364145658263305 0.7856549520766773 0.0622829131652661 0.2468690095846645
0 0.9093557422969187 0.7101277955271565 0.04620448179271709 0.21782747603833869
0 0.09526610644257702 0.7537060702875399 0.0699439775910364 0.23527156549520767
2 0.9462745098039216 0.6360702875399361 0.053865546218487395 0.2033226837060703
2 0.03735294117647059 0.6549520766773163 0.0661344537815126 0.22945686900958465