5 0.5366412213740458 0.7429048414023373 0.09778625954198474 0.19794657762938228
5 0.44124681933842236 0.7381302170283807 0.09600508905852416 0.2074958263772955
6 0.34402035623409666 0.7273956594323873 0.09786259541984733 0.2289482470784641
6 0.6393129770992366 0.7262103505843072 0.10683206106870229 0.22656093489148582
4 0.25589058524173025 0.6868614357262104 0.08153944020356235 0.2671118530884808
4 0.7383460559796438 0.6820868113522538 0.09044529262086515 0.2671118530884808
1 0.8246692111959288 0.595041736227045 0.0849618320610687 0.27903171953255423
1 0.17956743002544528 0.6093489148580968 0.08156488549618321 0.2647245409015025
3 0.8682824427480916 0.49010016694490816 0.08857506361323156 0.25519198664440734
3 0.13595419847328244 0.5032220367278798 0.08885496183206107 0.25280467445742905
0 0.9318702290076336 0.3553589315525877 0.08856234096692112 0.3052754590984975
0 0.10688295165394403 0.36846410684474123 0.0961323155216285 0.2885809682804675
2 0.956412213740458 0.17529215358931552 0.08309160305343512 0.2313355592654424
2 0.07779898218829516 0.2027212020033389 0.10704834605597964 0.24803005008347245