5 0.6020654044750431 0.31533088235294116 0.16783132530120481 0.46095588235294116
5 0.4299827882960413 0.3111029411764706 0.17320137693631668 0.48077205882352947
6 0.7357831325301205 0.35349264705882355 0.09695352839931153 0.32238970588235294
6 0.2870223752151463 0.339375 0.10970740103270224 0.3337132352941176
4 0.8132185886402754 0.3634191176470588 0.05860585197934595 0.2969485294117647
4 0.19767641996557658 0.3648161764705882 0.0687091222030981 0.339375
1 0.851617900172117 0.4072426470588235 0.03478485370051635 0.22625
1 0.15266781411359726 0.3945220588235294 0.03166953528399311 0.23474264705882353
3 0.8741135972461274 0.4227941176470588 0.01891566265060241 0.1555514705882353
3 0.13017211703958692 0.4072426470588235 0.02108433734939759 0.1413970588235294
5 0.5590533562822719 0.6985294117647058 0.11092943201376937 0.3337132352941176
5 0.4498450946643718 0.71125 0.1017039586919105 0.34786764705882356
6 0.346592082616179 0.6575367647058823 0.10438898450946643 0.3195588235294118
6 0.6662822719449226 0.6759191176470588 0.0976592082616179 0.3337132352941176
4 0.7536660929432014 0.6914705882352942 0.07710843373493975 0.35915441176470586
4 0.2512908777969019 0.6744852941176471 0.08325301204819277 0.35349264705882355
1 0.8138898450946643 0.6447794117647059 0.0440275387263339 0.27150735294117645
1 0.18841652323580035 0.6561029411764706 0.0448881239242685 0.24319852941176473
3 0.850946643717728 0.6292279411764706 0.025524956970740104 0.16121323529411766
3 0.15731497418244408 0.6320588235294117 0.030344234079173835 0.16683823529411765
0 0.13082616179001721 0.5995588235294118 0.043580034423407916 0.17533088235294117