5 0.5752220520673813 0.32473309608540923 0.16689127105666157 0.4359430604982206
5 0.4061715160796325 0.3128825622775801 0.17078101071975496 0.4774733096085409
6 0.7238897396630934 0.2995373665480427 0.12535987748851454 0.39740213523131673
6 0.25306278713629404 0.3009964412811388 0.13 0.4240925266903915
4 0.8215007656967842 0.2965480427046263 0.07052067381316998 0.3736654804270463
4 0.16056661562021438 0.32323843416370107 0.06497702909647779 0.3914590747330961
1 0.8738131699846861 0.26395017793594305 0.05267993874425727 0.35587188612099646
1 0.11398162327718224 0.33213523131672595 0.056049004594180704 0.2906405693950178
3 0.91208269525268 0.2846975088967972 0.03993874425727412 0.2491103202846975
0 0.9376110260336906 0.2920996441281139 0.03229709035222052 0.16903914590747332
5 0.557366003062787 0.732491103202847 0.10565084226646247 0.3736654804270463
5 0.45209800918836146 0.7399288256227757 0.09931087289433384 0.37661921708185053
6 0.3462021439509954 0.7072953736654805 0.1018989280245023 0.370711743772242
6 0.6670903522205207 0.7295373665480427 0.10560490045941806 0.3796085409252669
4 0.7653445635528331 0.7013523131672599 0.08260336906584992 0.3885053380782918
4 0.246676875957121 0.7043416370106761 0.09683001531393567 0.3885053380782918
1 0.8335987748851456 0.6420640569395017 0.09405819295558959 0.3173309608540925
1 0.16183767228177642 0.68355871886121 0.08537519142419601 0.3173309608540925
3 0.880199081163859 0.5827402135231317 0.06543644716692189 0.24615658362989323
3 0.12546707503828486 0.5708896797153025 0.056049004594180704 0.17498220640569395
0 0.9286830015313935 0.5575444839857651 0.05781010719754977 0.2194661921708185
2 0.09038284839203675 0.5145195729537367 0.05479326186830016 0.14530249110320284