5 0.5977054515866559 0.3400167224080268 0.15292921074043936 0.37346153846153846
5 0.44584214808787637 0.34978260869565214 0.1502766476810415 0.36510033444816054
5 0.5970301057770545 0.8375083612040134 0.0973393002441009 0.27035117056856184
5 0.4980471928397071 0.8347324414715719 0.10008950366151342 0.26476588628762543
6 0.39907241659886084 0.7998829431438127 0.09470301057770546 0.26755852842809363
6 0.6960048820179007 0.8054682274247492 0.09730675345809602 0.27871237458193976
6 0.3150122050447518 0.34698996655518394 0.10829943043124492 0.3205183946488294
6 0.7244751830756713 0.3414214046822742 0.10000813669650122 0.33165551839464885
4 0.3048413344182262 0.7483277591973244 0.0906753458096013 0.3037959866220736
4 0.7875264442636289 0.7678428093645485 0.08235150528885272 0.3037959866220736
4 0.8146460537021969 0.31075250836120405 0.07692432872253865 0.3205183946488294
4 0.2153539462978031 0.31911371237458197 0.08799837266069976 0.29264214046822745
1 0.14078925956061838 0.2842809364548495 0.05819365337672904 0.2508361204013378
1 0.2214564686737185 0.6786454849498328 0.075793327908869 0.26476588628762543
1 0.8539625711960944 0.6549665551839465 0.0769080553295362 0.2564046822742475
1 0.8824491456468674 0.2842809364548495 0.058689991863303495 0.21739130434782608
3 0.8993897477624084 0.5560200668896321 0.06468673718470301 0.225752508361204
3 0.09130187144019528 0.2382943143812709 0.04058584214808788 0.197876254180602
3 0.16925956061838895 0.588076923076923 0.07987794955248169 0.23968227424749167
3 0.9299023596419853 0.2480434782608696 0.03701383238405208 0.1895150501672241
0 0.054011391375101706 0.19091973244147156 0.036533767290480065 0.17001672240802676
0 0.1251912123677787 0.5030602006688963 0.08667209113100081 0.18115384615384614
0 0.9339625711960943 0.45568561872909696 0.07687550854353133 0.20903010033444816
0 0.9665093572009763 0.19230769230769232 0.03703010577705451 0.1505016722408027
2 0.971253051261188 0.342809364548495 0.05109845402766477 0.1393478260869565
2 0.07706265256305939 0.37764214046822747 0.05550854353132628 0.1644314381270903
2 0.021472742066720913 0.10730769230769231 0.028413344182262004 0.1198494983277592