5 0.582478527607362 0.2873474801061008 0.16328834355828223 0.42734748010610085
5 0.41822085889570554 0.2888328912466844 0.1674478527607362 0.4244031830238727
6 0.7201717791411043 0.30652519893899205 0.10937423312883436 0.36546419098143235
6 0.28123926380368097 0.3050397877984085 0.10615950920245398 0.356604774535809
4 0.8210429447852761 0.29915119363395226 0.09033128834355829 0.3625198938992042
4 0.1783312883435583 0.2829442970822281 0.09665030674846625 0.3536604774535809
1 0.8844171779141103 0.33007957559681694 0.05354601226993865 0.2416710875331565
1 0.11495705521472392 0.3124137931034483 0.05169325153374234 0.2239787798408488
3 0.9144049079754601 0.3625198938992042 0.03720245398773006 0.19450928381962865
3 0.08838036809815951 0.3197877984084881 0.02852760736196319 0.19745358090185675
0 0.9566625766871165 0.3006100795755968 0.04539877300613497 0.2063129973474801
0 0.050895705521472386 0.266737400530504 0.040809815950920245 0.20925729442970822
5 0.547042944785276 0.7810079575596817 0.11150920245398772 0.32419098143236075
5 0.43663803680981594 0.7692307692307693 0.10609815950920246 0.30652519893899205
6 0.6554233128834356 0.7677453580901856 0.10252760736196319 0.2976657824933687
6 0.33440490797546013 0.7485941644562335 0.09796319018404909 0.3006100795755968
4 0.7446871165644171 0.7574535809018568 0.07326380368098159 0.3006100795755968
4 0.26012269938650306 0.7073474801061008 0.07208588957055215 0.30652519893899205
1 0.8217055214723927 0.7707161803713528 0.07187730061349693 0.2917771883289125
1 0.19809815950920245 0.7176657824933687 0.06802453987730062 0.2505039787798408
3 0.8653374233128834 0.7279575596816976 0.05080981595092024 0.20042440318302387
3 0.15311656441717791 0.6940848806366048 0.048957055214723925 0.17978779840848808
0 0.913042944785276 0.6616445623342175 0.08082208588957056 0.20925729442970822
0 0.11222085889570552 0.6189124668435013 0.07623312883435583 0.21220159151193635
2 0.943717791411043 0.5363925729442971 0.0740122699386503 0.21220159151193635
2 0.08428220858895705 0.5157559681697612 0.07760736196319018 0.18273209549071617