5 0.5610695187165776 0.8957645259938839 0.09410695187165775 0.12996941896024464
5 0.4577005347593583 0.9034097859327218 0.10840641711229947 0.11977064220183486
6 0.3587914438502674 0.863914373088685 0.09240641711229947 0.13252293577981653
6 0.6555187165775401 0.87282874617737 0.09407486631016042 0.1554587155963303
4 0.2661176470588235 0.784908256880734 0.0924385026737968 0.1834862385321101
4 0.7526524064171123 0.8078440366972478 0.09581818181818182 0.1834862385321101
1 0.21354010695187164 0.6562232415902141 0.11206417112299466 0.18603975535168196
1 0.8007700534759359 0.6804281345565749 0.11718716577540106 0.19877675840978593
3 0.18145454545454545 0.5122324159021406 0.12990374331550802 0.17839449541284405
3 0.8373048128342246 0.5326146788990825 0.1367807486631016 0.19877675840978593
0 0.14135828877005346 0.34659021406727825 0.1602139037433155 0.23955657492354737
0 0.8622459893048129 0.3440366972477064 0.16172192513368985 0.23444954128440368
2 0.11105882352941177 0.12996941896024464 0.15666310160427807 0.203868501529052
2 0.8854224598930481 0.12996941896024464 0.14745454545454545 0.19877675840978593