5 0.5538365493757095 0.1095166163141994 0.14527809307604994 0.1837915407854985
5 0.40346197502837683 0.10448640483383687 0.14723041997729852 0.1686858006042296
6 0.30511918274687855 0.1837915407854985 0.10943246311010216 0.14098187311178248
6 0.6701589103291714 0.14098187311178248 0.10551645856980703 0.13595166163141995
4 0.7552780930760499 0.23916918429003023 0.11683314415437004 0.16113293051359517
4 0.22755959137343926 0.2983383685800604 0.11702610669693529 0.1686858006042296
1 0.8025539160045403 0.4015558912386707 0.158422247446084 0.1837915407854985
1 0.1840522133938706 0.45317220543806647 0.1586606129398411 0.17119335347432024
3 0.15095346197502837 0.6054833836858006 0.16056753688989786 0.1485347432024169
3 0.860249716231555 0.5362537764350453 0.14516458569807036 0.17623867069486404
0 0.11691259931895573 0.7917975830815709 0.1908399545970488 0.244214501510574
0 0.892395005675369 0.7250755287009063 0.19054483541430192 0.256797583081571
2 0.10083995459704881 0.9493957703927492 0.15112372304199773 0.10120845921450151
2 0.9297729852440408 0.8912386706948641 0.1404426787741203 0.17623867069486404