5 0.6003846153846153 0.3351785714285714 0.15020066889632105 0.42307142857142854
5 0.4499163879598662 0.3241785714285714 0.14769230769230768 0.43957142857142856
6 0.7322408026755852 0.34064285714285714 0.11091973244147157 0.4011071428571429
6 0.31809364548494984 0.32967857142857143 0.11558528428093647 0.3956071428571428
4 0.8357692307692308 0.3365357142857143 0.09680602006688964 0.4368214285714286
4 0.21714046822742475 0.2898214285714286 0.10662207357859531 0.4313214285714286
1 0.9167892976588629 0.36539285714285713 0.0634113712374582 0.35714285714285715
1 0.13096989966555184 0.2994642857142857 0.06550167224080268 0.37910714285714286
3 0.9714548494983277 0.4024642857142857 0.0467056856187291 0.31042857142857144
3 0.07695652173913044 0.33792857142857147 0.04493311036789298 0.2967142857142857
0 0.028093645484949834 0.3324285714285714 0.052675585284280936 0.32967857142857143
5 0.5573076923076923 0.7266428571428571 0.10264214046822744 0.30492857142857144
5 0.4557023411371237 0.7445 0.10010033444816054 0.3351785714285714
6 0.6608361204013378 0.7280357142857142 0.09617056856187291 0.3241785714285714
6 0.3579598662207358 0.75 0.10013377926421405 0.35714285714285715
4 0.7637290969899665 0.7211428571428571 0.10642140468227425 0.3543928571428572
4 0.26665551839464885 0.74725 0.08217391304347826 0.37364285714285717
1 0.8608361204013377 0.761 0.08451505016722408 0.3186785714285714
1 0.18371237458193979 0.7719642857142858 0.08347826086956522 0.30767857142857147
3 0.9328595317725753 0.7623571428571428 0.06133779264214047 0.24449999999999997
3 0.1245484949832776 0.7142857142857143 0.07321070234113712 0.2307857142857143
0 0.9804515050167223 0.8131785714285714 0.03817725752508361 0.24725000000000003
0 0.06924749163879598 0.7101785714285714 0.08866220735785954 0.2005357142857143
2 0.03837792642140468 0.6346071428571428 0.055234113712374584 0.10439285714285715