5 0.573558282208589 0.27684563758389263 0.16458588957055215 0.43063758389261747
5 0.41317484662576687 0.28104026845637586 0.1608128834355828 0.43345637583892616
6 0.27197852760736196 0.2866442953020134 0.11869631901840491 0.3719127516778523
6 0.7192638036809815 0.2880201342281879 0.12937116564417178 0.3691275167785235
4 0.8304294478527608 0.2614765100671141 0.09874233128834355 0.36634228187919465
4 0.16654907975460123 0.3034228187919463 0.09190184049079755 0.3831208053691275
1 0.9122085889570553 0.28382550335570467 0.060444785276073616 0.28244966442953023
1 0.09308282208588957 0.34815436241610737 0.049754601226993864 0.2992281879194631
3 0.9601226993865031 0.32298657718120805 0.03874233128834356 0.20973154362416108
3 0.04388036809815951 0.3733221476510067 0.04595092024539878 0.24889261744966443
0 0.9888803680981595 0.3215771812080537 0.013650306748466259 0.22929530201342282
5 0.555659509202454 0.7130872483221476 0.10581288343558282 0.3579530201342282
5 0.45470858895705524 0.7061073825503356 0.09819018404907975 0.34395973154362414
6 0.34929447852760737 0.7088926174496645 0.11483128834355828 0.36073825503355705
6 0.6604601226993865 0.6990939597315436 0.10576687116564416 0.32996644295302013
4 0.7582055214723926 0.7032885906040269 0.10190184049079755 0.4110738255033557
4 0.23811349693251535 0.7256711409395973 0.0995398773006135 0.39989932885906043
1 0.8527760736196319 0.7032885906040269 0.09674846625766871 0.3719127516778523
1 0.14164110429447851 0.7326510067114095 0.09829754601226995 0.3523489932885906
3 0.9173159509202454 0.6907046979865772 0.05023006134969325 0.29640939597315435
3 0.07710122699386504 0.7186912751677852 0.06381901840490797 0.3187919463087248
0 0.9594938650306749 0.6571476510067115 0.0732361963190184 0.240503355704698
0 0.0368558282208589 0.6837248322147651 0.06510736196319018 0.3327852348993289