5 0.5559071729957806 0.30615384615384617 0.15158931082981716 0.36
5 0.3991139240506329 0.3 0.14462728551336146 0.36
5 0.4771729957805907 0.7769230769230769 0.09255977496483826 0.29846153846153844
5 0.39068917018284105 0.7615384615384615 0.079943741209564 0.2553846153846154
6 0.27326300984528834 0.29384615384615387 0.1038959212376934 0.29846153846153844
6 0.3070182841068917 0.7507692307692307 0.08419127988748241 0.26461538461538464
6 0.5734880450070323 0.7892307692307692 0.0939381153305204 0.28615384615384615
6 0.6873980309423348 0.29846153846153844 0.10514767932489452 0.3261538461538461
4 0.7872573839662448 0.2876923076923077 0.09177215189873418 0.36
4 0.18468354430379746 0.25384615384615383 0.07018284106891702 0.36615384615384616
4 0.2289732770745429 0.7553846153846154 0.0659353023909986 0.3230769230769231
4 0.6663009845288327 0.7523076923076923 0.08827004219409282 0.3476923076923077
1 0.1340646976090014 0.2723076923076923 0.039254571026722924 0.2923076923076923
1 0.16358649789029536 0.7615384615384615 0.06455696202531645 0.3169230769230769
1 0.7577074542897329 0.7846153846153846 0.08824191279887483 0.31384615384615383
1 0.8456118143459916 0.3030769230769231 0.056638537271448665 0.2923076923076923
3 0.09679324894514767 0.25846153846153846 0.03225035161744023 0.28307692307692306
3 0.12492264416315048 0.6738461538461539 0.05753867791842475 0.2276923076923077
3 0.8273136427566807 0.7276923076923076 0.06430379746835443 0.24307692307692308
3 0.8913080168776372 0.28923076923076924 0.041181434599156116 0.25846153846153846
0 0.06656821378340365 0.24461538461538462 0.02521800281293952 0.18769230769230769
0 0.9236427566807314 0.2569230769230769 0.027130801687763714 0.13846153846153847
0 0.8680872011251759 0.6292307692307693 0.08679324894514769 0.2676923076923077
0 0.09960618846694795 0.5461538461538461 0.06036568213783404 0.2