5 0.6002314814814814 0.3409090909090909 0.14759259259259258 0.40124579124579124
5 0.45493827160493827 0.3437037037037037 0.14250000000000002 0.4068350168350168
6 0.7172685185185186 0.30023569023569024 0.08646604938271606 0.375993265993266
6 0.33859567901234566 0.32407407407407407 0.09240740740740741 0.36195286195286197
4 0.7989043209876544 0.25393939393939396 0.07234567901234568 0.37316498316498314
4 0.25180555555555556 0.30303030303030304 0.08344135802469135 0.36474747474747476
1 0.8464814814814815 0.2735690235690236 0.038935185185185184 0.2441077441077441
1 0.19523148148148148 0.32265993265993265 0.05774691358024692 0.25252525252525254
3 0.8754012345679012 0.2609427609427609 0.024799382716049385 0.1963973063973064
3 0.15472222222222223 0.31845117845117843 0.035895061728395065 0.19922558922558922
0 0.8914814814814814 0.24552188552188553 0.01837962962962963 0.1543097643097643
0 0.12901234567901235 0.30303030303030304 0.030771604938271607 0.18518518518518517
2 0.1007253086419753 0.2918181818181818 0.023055555555555555 0.14589225589225588
5 0.5790277777777777 0.7182828282828283 0.08459876543209877 0.2974074074074074
5 0.4922376543209877 0.7224915824915825 0.0910648148148148 0.30023569023569024
6 0.3964506172839506 0.7351178451178452 0.1000925925925926 0.31986531986531985
6 0.671604938271605 0.7267003367003367 0.08712962962962963 0.3367003367003367
4 0.3070833333333334 0.7337373737373737 0.07569444444444444 0.33390572390572393
4 0.7571141975308642 0.7084848484848485 0.07810185185185185 0.35632996632996633
1 0.8143209876543209 0.6439393939393939 0.06137345679012346 0.2777777777777778
1 0.23958333333333334 0.6874410774410774 0.0667283950617284 0.26936026936026936
3 0.8471141975308641 0.5934343434343434 0.042067901234567905 0.22727272727272727
3 0.1900925925925926 0.6593602693602694 0.05003086419753087 0.25252525252525254
0 0.8766975308641975 0.5920202020202021 0.029953703703703705 0.21323232323232322
0 0.1540895061728395 0.6172727272727273 0.04490740740740741 0.19080808080808082
2 0.13479938271604938 0.5359259259259259 0.0500462962962963 0.1963973063973064
2 0.8503240740740741 0.4433333333333333 0.045925925925925926 0.08417508417508418