5 0.5908391608391608 0.6045588235294117 0.1344055944055944 0.7189705882352941
5 0.4574825174825175 0.6154411764705883 0.13444055944055944 0.7189705882352941
6 0.7041258741258741 0.5636764705882352 0.09160839160839161 0.5610294117647059
6 0.33576923076923076 0.5527941176470589 0.1086013986013986 0.6589705882352942
4 0.23608391608391607 0.5745588235294118 0.09048951048951048 0.5827941176470589
4 0.786993006993007 0.5175 0.07604895104895106 0.61
1 0.8407342657342657 0.5283823529411764 0.05143356643356644 0.4139705882352941
1 0.1732867132867133 0.5636764705882352 0.05555944055944056 0.4411764705882353
3 0.13314685314685315 0.5283823529411764 0.04262237762237762 0.38132352941176473
3 0.8815384615384616 0.46838235294117647 0.029405594405594405 0.3594117647058824
0 0.9125874125874126 0.4248529411764706 0.030174825174825178 0.2832352941176471
0 0.09041958041958041 0.4738235294117647 0.04006993006993007 0.38132352941176473