5 0.6018072289156626 0.5212538226299693 0.1691566265060241 0.42535168195718653
5 0.4350736278447122 0.5185015290519878 0.16673360107095048 0.42535168195718653
5 0.5713788487282463 0.8576452599388379 0.09858099062918341 0.23629969418960242
5 0.47279785809906294 0.865993883792049 0.09858099062918341 0.26409785932721713
6 0.29572958500669344 0.48094801223241596 0.11196787148594378 0.4114678899082569
6 0.3723962516733601 0.8368195718654434 0.10465863453815262 0.3002446483180428
6 0.7435742971887551 0.45871559633027525 0.11439089692101741 0.45036697247706425
6 0.6699464524765729 0.8284709480122325 0.096144578313253 0.28357798165137615
4 0.19958500669344043 0.40590214067278285 0.08275769745649264 0.42256880733944957
4 0.2701740294511379 0.8085932721712539 0.09979919678714859 0.38281345565749236
4 0.7642704149933065 0.8145565749235475 0.09492637215528782 0.3614067278287462
4 0.8360776439089691 0.4211926605504587 0.07058902275769745 0.4086850152905198
1 0.13568942436412315 0.3405504587155963 0.042597054886211516 0.3641896024464832
1 0.18681392235609104 0.7339449541284404 0.06449799196787148 0.23908256880733947
1 0.8433734939759037 0.686697247706422 0.0632797858099063 0.2780122324159021
1 0.8920481927710844 0.3600305810397554 0.043815261044176705 0.3308256880733945
3 0.10283801874163319 0.290519877675841 0.025555555555555557 0.26966360856269117
3 0.13326639892904954 0.6241284403669725 0.0450334672021419 0.19740061162079509
3 0.8951004016064257 0.6269113149847095 0.040160642570281124 0.19740061162079509
3 0.924912985274431 0.26966360856269117 0.021900937081659973 0.23351681957186543
0 0.07119143239625167 0.2210091743119266 0.03772423025435074 0.24186544342507646
0 0.09188755020080322 0.5101529051987768 0.040160642570281124 0.1751376146788991
0 0.9322088353413654 0.4962385321100918 0.03650602409638554 0.21406727828746178
2 0.952289156626506 0.14596330275229358 0.027991967871485945 0.1417737003058104