5 0.5142880794701987 0.8043478260869565 0.11700331125827815 0.23672463768115942
5 0.40531456953642386 0.827304347826087 0.1170364238410596 0.2536231884057971
6 0.6356788079470198 0.8115942028985508 0.11971854304635762 0.22704347826086957
6 0.3032450331125828 0.7922608695652174 0.1308609271523179 0.21739130434782608
4 0.7274172185430464 0.722231884057971 0.13761589403973512 0.27052173913043476
4 0.23288079470198675 0.6896231884057971 0.13089403973509933 0.2632753623188406
1 0.8246688741721855 0.5519420289855073 0.14998344370860928 0.2826086956521739
1 0.15562913907284767 0.5072463768115942 0.15023178807947019 0.2560289855072464
3 0.8646688741721854 0.3321159420289855 0.17756622516556292 0.277768115942029
3 0.13288079470198677 0.29588405797101447 0.17094370860927152 0.23428985507246378
0 0.9053476821192054 0.14008695652173914 0.18720198675496688 0.27052173913043476
0 0.11769867549668875 0.10869565217391304 0.20405629139072848 0.20773913043478262