5 0.5940624999999999 0.3325081433224756 0.181984375 0.5456026058631922
5 0.41440625000000003 0.3271009771986971 0.17425 0.5510423452768729
6 0.2705625 0.310814332247557 0.110515625 0.5021824104234527
6 0.745765625 0.3135179153094462 0.121390625 0.4804560260586319
4 0.858359375 0.2877198697068404 0.10971875 0.5266123778501628
4 0.16317187500000002 0.306742671009772 0.1014375 0.5211726384364821
1 0.9462343750000001 0.3271009771986971 0.072 0.36100977198697065
1 0.0850625 0.3745928338762215 0.065015625 0.3311726384364821
3 0.030375000000000003 0.3718892508143323 0.0468125 0.26058631921824105
5 0.547203125 0.6976221498371336 0.101296875 0.38543973941368076
5 0.4385 0.7043973941368078 0.110453125 0.38817589576547235
6 0.335 0.678599348534202 0.10396875000000001 0.3745928338762215
6 0.6585156249999999 0.7057654723127036 0.115578125 0.4288925081433224
4 0.2185 0.7003257328990228 0.12875 0.43973941368078173
4 0.78675 0.6989576547231271 0.14025 0.4696091205211726
1 0.877890625 0.6487622149837133 0.107125 0.3745928338762215
1 0.1384375 0.6487622149837133 0.093625 0.314885993485342
3 0.9651093749999999 0.6284039087947882 0.0655 0.33931596091205213
3 0.061625 0.6433224755700325 0.078046875 0.29859934853420195