5 0.5570810055865922 0.3886111111111111 0.1279608938547486 0.3956172839506173
5 0.42885474860335193 0.39141975308641974 0.12293296089385475 0.3956172839506173
6 0.6675139664804469 0.3605555555555555 0.09491620111731842 0.35074074074074074
6 0.32477653631284914 0.3549382716049383 0.08488826815642458 0.373179012345679
4 0.7570111731843575 0.3437037037037037 0.0809217877094972 0.36756172839506174
4 0.23972067039106143 0.3366975308641975 0.0798463687150838 0.38160493827160497
1 0.8331983240223464 0.3114506172839506 0.07143854748603352 0.34793209876543213
1 0.1756145251396648 0.32546296296296295 0.04558659217877095 0.3198765432098765
3 0.8820670391061451 0.3114506172839506 0.03717877094972067 0.25253086419753085
3 0.1407122905027933 0.3072530864197531 0.029106145251396646 0.1936111111111111
0 0.9264944134078212 0.24830246913580248 0.04736033519553072 0.2497222222222222
0 0.11594972067039105 0.218858024691358 0.03291899441340782 0.20762345679012345
2 0.9645810055865922 0.1936111111111111 0.033868715083798885 0.19080246913580248
2 0.09247206703910614 0.15151234567901237 0.024050279329608938 0.1795679012345679
5 0.5316899441340782 0.697253086419753 0.07973463687150839 0.283395061728395
5 0.4517178770949721 0.6930555555555555 0.07976256983240224 0.2805864197530864
6 0.37110335195530725 0.6860185185185186 0.08106145251396647 0.2945987654320988
6 0.6154748603351955 0.6607716049382716 0.08731843575418995 0.34512345679012346
4 0.289231843575419 0.6453395061728395 0.08490223463687151 0.3366975308641975
4 0.703058659217877 0.6762037037037038 0.0847486033519553 0.38160493827160497
1 0.7824162011173185 0.6229012345679013 0.07395251396648045 0.30302469135802473
1 0.21560055865921787 0.6046604938271605 0.0595391061452514 0.2609567901234568
3 0.8439804469273743 0.5864197530864198 0.05240223463687151 0.21324074074074076
3 0.1654608938547486 0.5695987654320988 0.040516759776536314 0.19080246913580248
0 0.9087290502793296 0.5064506172839506 0.07019553072625698 0.22166666666666665
0 0.1267458100558659 0.4994444444444444 0.05195530726256983 0.21324074074074076
2 0.954427374301676 0.4194753086419753 0.04229050279329609 0.14308641975308642
2 0.10579608938547486 0.39 0.035460893854748606 0.15712962962962962