5 0.5891614518147684 0.36486486486486486 0.15866082603254067 0.5135135135135135
5 0.4302503128911139 0.35735735735735735 0.15872340425531914 0.5345345345345346
6 0.7212015018773467 0.36486486486486486 0.10291614518147685 0.46546546546546547
6 0.30073842302878595 0.36936936936936937 0.09994993742177723 0.4444444444444444
4 0.8194367959949937 0.35135135135135137 0.08918648310387986 0.5165165165165165
4 0.20251564455569462 0.33483483483483484 0.093729662077597 0.5375375375375375
1 0.8951314142678348 0.3333333333333333 0.06043804755944931 0.4744744744744745
1 0.13682102628285356 0.3738738738738739 0.059974968710888615 0.42342342342342343
3 0.9426908635794744 0.36486486486486486 0.03793491864831039 0.36936936936936937
3 0.08802252816020024 0.38288288288288286 0.05998748435544431 0.36936936936936937
0 0.9733416770963705 0.3183183183183183 0.04589486858573217 0.3843843843843844
0 0.03171464330413016 0.33783783783783783 0.05500625782227785 0.40540540540540543
5 0.5603879849812266 0.7582582582582582 0.10361702127659575 0.4174174174174174
5 0.46153942428035044 0.7582582582582582 0.09614518147684604 0.4174174174174174
6 0.3582978723404255 0.7432432432432432 0.10494367959949936 0.3813813813813814
6 0.6586232790988736 0.7507507507507507 0.09732165206508135 0.4084084084084084
4 0.751226533166458 0.7432432432432432 0.08476846057571966 0.36936936936936937
4 0.2782227784730914 0.7432432432432432 0.08244055068836045 0.38738738738738737
1 0.8288235294117647 0.7357357357357357 0.06541927409261578 0.35435435435435436
1 0.206270337922403 0.7522522522522522 0.08872340425531915 0.3933933933933934
3 0.90639549436796 0.7027027027027027 0.08296620775969964 0.2822822822822823
3 0.1336921151439299 0.7087087087087087 0.056220275344180226 0.2882882882882883
0 0.967709637046308 0.6276276276276276 0.05045056320400501 0.22822822822822822
0 0.07738423028785982 0.6801801801801802 0.06876095118898623 0.26126126126126126
2 0.02420525657071339 0.6546546546546547 0.04 0.2702702702702703