5 0.5557207718501702 0.1095166163141994 0.14527809307604994 0.1837915407854985
5 0.40346197502837683 0.10321752265861027 0.15101021566401815 0.17623867069486404
6 0.6701816118047672 0.1447583081570997 0.10632236095346198 0.1283987915407855
6 0.30322360953461974 0.1862990936555891 0.10565266742338252 0.14602719033232628
4 0.7619182746878547 0.24043806646525678 0.12338251986379115 0.15861027190332327
4 0.22377979568671966 0.29581570996978857 0.10946651532349602 0.1686858006042296
1 0.8006923950056754 0.39652567975830816 0.15933030646992055 0.19385196374622357
1 0.18500567536889898 0.45191842900302115 0.16054483541430192 0.17371601208459214
3 0.8574347332576617 0.5337311178247733 0.14801362088535755 0.17119335347432024
3 0.15001135073779795 0.5991993957703928 0.15489216799091943 0.17623867069486404
0 0.8924290578887628 0.7238217522658611 0.19530079455164587 0.25932024169184287
0 0.11879682179341657 0.7854984894259819 0.18706015891032918 0.256797583081571
2 0.9295346197502837 0.8962688821752266 0.1409194097616345 0.20140483383685803
2 0.10178206583427923 0.9403323262839879 0.13788876276958004 0.11329305135951662