5 0.5739130434782609 0.35014409221902015 0.16149068322981366 0.45244956772334294
5 0.415527950310559 0.3357348703170029 0.15527950310559005 0.4697406340057637
5 0.5403726708074534 0.7737752161383286 0.0968944099378882 0.38328530259365995
5 0.4422360248447205 0.770893371757925 0.0968944099378882 0.38328530259365995
6 0.28322981366459626 0.33429394812680113 0.10683229813664596 0.3861671469740634
6 0.34285714285714286 0.7694524495677233 0.10186335403726708 0.3804034582132565
6 0.6385093167701863 0.770893371757925 0.0968944099378882 0.37175792507204614
6 0.7105590062111802 0.3472622478386167 0.11180124223602485 0.40057636887608067
4 0.8080745341614907 0.345821325648415 0.08074534161490683 0.3746397694524496
4 0.19316770186335402 0.3285302593659942 0.07080745341614907 0.3688760806916426
4 0.24285714285714285 0.7262247838616714 0.09813664596273292 0.3631123919308357
4 0.7341614906832298 0.7449567723342939 0.09937888198757763 0.38328530259365995
1 0.877639751552795 0.3357348703170029 0.058385093167701865 0.3371757925072046
1 0.1341614906832298 0.31556195965417866 0.04720496894409938 0.27953890489913547
1 0.824223602484472 0.6974063400576369 0.08074534161490683 0.3227665706051873
1 0.15838509316770186 0.6657060518731989 0.09813664596273292 0.29971181556195964
3 0.884472049689441 0.6556195965417867 0.062111801242236024 0.2910662824207493
3 0.9260869565217391 0.30547550432276654 0.03850931677018633 0.2824207492795389
3 0.09378881987577639 0.29971181556195964 0.031055900621118012 0.26512968299711814
3 0.08198757763975155 0.6268011527377522 0.07453416149068323 0.2507204610951009
0 0.9540372670807453 0.5648414985590778 0.07453416149068323 0.23054755043227665
0 0.9627329192546584 0.27089337175792505 0.037267080745341616 0.2132564841498559
0 0.06086956521739131 0.2521613832853026 0.03229813664596273 0.1642651296829971