5 0.5295866819747417 0.81 0.07043628013777267 0.11146189735614308
5 0.4597588978185993 0.7996423017107309 0.07236509758897819 0.12181959564541213
6 0.5994144661308841 0.7918662519440125 0.0952812858783008 0.13737169517884915
6 0.3813203214695752 0.7776049766718507 0.08005740528128588 0.1347900466562986
4 0.6730769230769231 0.7465007776049767 0.08950631458094144 0.13996889580093314
4 0.3095752009184845 0.7439035769828927 0.08582089552238806 0.1347900466562986
1 0.7237657864523536 0.6337480559875583 0.10670493685419058 0.1425660964230171
1 0.2617680826636051 0.6259720062208398 0.0978300803673938 0.1425660964230171
3 0.7629850746268656 0.5015552099533437 0.10477611940298508 0.15811819595645413
3 0.22350172215843855 0.48471228615863143 0.11694603903559127 0.16069984447900465
0 0.8088978185993111 0.3239968895800933 0.14303099885189438 0.2177293934681182
0 0.18045924225028703 0.3123328149300156 0.14562571756601608 0.2099533437013997
2 0.8595981630309989 0.13608087091757387 0.1334443168771527 0.19440124416796267
2 0.14506314580941446 0.14385692068429237 0.1283926521239954 0.1166407465007776