5 0.5906127450980392 0.2955015197568389 0.16716911764705883 0.4896960486322189
5 0.4265686274509804 0.29382978723404257 0.16314950980392157 0.48632218844984804
6 0.29178921568627453 0.31069908814589664 0.10602941176470587 0.405258358662614
6 0.7213112745098039 0.31069908814589664 0.09088235294117647 0.405258358662614
4 0.8050612745098039 0.29212765957446807 0.07659313725490197 0.4491793313069909
4 0.19785539215686274 0.30732522796352585 0.07066176470588235 0.43227963525835866
1 0.871764705882353 0.344468085106383 0.0548406862745098 0.35124620060790274
1 0.13318627450980394 0.3309726443768997 0.05571078431372549 0.33772036474164135
3 0.9146446078431373 0.34279635258358665 0.04259803921568627 0.3005775075987842
3 0.08622549019607843 0.35124620060790274 0.048921568627450986 0.283677811550152
0 0.9520833333333333 0.3343465045592705 0.05214460784313725 0.27693009118541034
0 0.0426593137254902 0.336048632218845 0.0571078431372549 0.28030395136778113
2 0.9854411764705883 0.275258358662614 0.018125 0.19249240121580546
2 0.011348039215686273 0.29212765957446807 0.013553921568627452 0.1519756838905775
5 0.5620343137254902 0.6906382978723404 0.10183823529411765 0.3748632218844985
5 0.4565196078431372 0.697386018237082 0.10595588235294116 0.3951367781155015
6 0.3550980392156863 0.688966565349544 0.09919117647058823 0.37148936170212765
6 0.6634558823529412 0.6805167173252279 0.10044117647058823 0.3883890577507599
4 0.2631985294117647 0.6855927051671733 0.08969362745098039 0.44580547112462005
4 0.7526470588235293 0.6923404255319149 0.08066176470588235 0.466048632218845
1 0.8302450980392158 0.6771428571428572 0.07252450980392157 0.3951367781155015
1 0.18356617647058823 0.6433738601823707 0.07202205882352941 0.30732522796352585
3 0.8826593137254902 0.6298480243161094 0.04939950980392157 0.2262613981762918
3 0.1304656862745098 0.5944072948328267 0.06387254901960784 0.22966565349544074
0 0.9268995098039216 0.5893313069908814 0.06438725490196079 0.19927051671732524
0 0.07737745098039216 0.579209726443769 0.06933823529411764 0.19249240121580546
2 0.9663725490196078 0.538662613981763 0.037181372549019605 0.12495440729483283
2 0.03993872549019608 0.5099696048632218 0.04077205882352942 0.12158054711246201