5 0.5620195838433293 0.33298076923076925 0.14386780905752755 0.46653846153846157
5 0.4144798041615667 0.3240705128205128 0.1534394124847001 0.4558333333333333
6 0.2961933904528764 0.3151602564102564 0.08277845777233782 0.3810576923076923
6 0.6769155446756425 0.3169551282051282 0.07991432068543453 0.37038461538461537
4 0.760563035495716 0.3667948717948718 0.08465116279069768 0.40599358974358973
4 0.21461444308445532 0.34365384615384614 0.08008567931456549 0.4024358974358974
1 0.823782129742962 0.40775641025641024 0.0642717258261934 0.34544871794871795
1 0.15545899632802937 0.3917307692307692 0.059718482252141984 0.32051282051282054
3 0.8795348837209302 0.40775641025641024 0.053414932680538554 0.29557692307692307
3 0.1071970624235006 0.3899679487179487 0.0420563035495716 0.2742307692307692
0 0.9359608323133415 0.3864102564102564 0.06566707466340269 0.2742307692307692
0 0.06028151774785802 0.3667948717948718 0.04615667074663403 0.2564102564102564
5 0.52531211750306 0.6873076923076923 0.0894859241126071 0.32051282051282054
5 0.4382864137086903 0.6819871794871795 0.08408812729498165 0.33118589743589744
6 0.3505875152998776 0.6410256410256411 0.09363525091799266 0.32051282051282054
6 0.6150550795593636 0.6659615384615385 0.09217870257037944 0.34189102564102564
4 0.26356181150550795 0.6410256410256411 0.0800734394124847 0.34189102564102564
4 0.7041126070991433 0.6445833333333334 0.07990208078335373 0.37038461538461537
1 0.7802692778457773 0.6784294871794871 0.07784577723378214 0.3169551282051282
1 0.19013463892288862 0.657051282051282 0.06649938800489597 0.3098397435897436
3 0.8414565483476133 0.6944551282051281 0.06428396572827418 0.23503205128205126
3 0.13914320685434517 0.6463782051282051 0.0705875152998776 0.23147435897435897
0 0.8972093023255814 0.6463782051282051 0.07246022031823746 0.20298076923076921
0 0.08883720930232558 0.6071794871794872 0.062460220318237454 0.21012820512820513
2 0.944124847001224 0.5787179487179487 0.04664626682986536 0.18875
2 0.05348837209302326 0.5484294871794873 0.048873929008567935 0.17807692307692308