5 0.5358682634730538 0.21156156156156156 0.09411676646706586 0.22114114114114114
5 0.4426646706586826 0.217027027027027 0.0895808383233533 0.21021021021021022
6 0.35285928143712575 0.27435435435435435 0.10594311377245508 0.23750750750750751
6 0.6345209580838324 0.24570570570570568 0.10311377245508982 0.24024024024024024
4 0.725 0.3398798798798799 0.11531437125748503 0.26480480480480484
4 0.26645209580838325 0.3712912912912913 0.11821856287425149 0.26207207207207206
1 0.7964520958083832 0.5446246246246247 0.13369760479041917 0.2812012012012012
1 0.2052245508982036 0.5924024024024024 0.13456586826347305 0.27846846846846846
3 0.8366017964071857 0.7875975975975975 0.1541317365269461 0.313963963963964
3 0.16576347305389222 0.844924924924925 0.1509131736526946 0.2975675675675676
0 0.8821856287425149 0.9354354354354354 0.16637724550898203 0.12912912912912913
0 0.09025449101796407 0.9736636636636637 0.09244011976047904 0.052702702702702706