5 0.5258734939759037 0.9160232558139535 0.07665662650602409 0.14727906976744184
5 0.4472439759036145 0.9095581395348837 0.0766867469879518 0.15504651162790697
6 0.601159638554217 0.8811395348837209 0.07326807228915662 0.14986046511627907
6 0.3719578313253012 0.8876046511627907 0.07670180722891566 0.15246511627906978
4 0.31004518072289156 0.8126511627906977 0.10683734939759036 0.17830232558139536
4 0.6705873493975903 0.8204186046511627 0.0983433734939759 0.18346511627906978
1 0.7366716867469879 0.677 0.12341867469879518 0.18088372093023256
1 0.2531626506024096 0.6627906976744186 0.11691265060240963 0.167953488372093
3 0.7684638554216867 0.5051627906976744 0.1367921686746988 0.17830232558139536
3 0.22555722891566266 0.5013023255813953 0.13197289156626504 0.17572093023255814
0 0.8102861445783132 0.30879069767441863 0.16688253012048193 0.27648837209302324
0 0.18037650602409638 0.2997441860465116 0.16210843373493977 0.2687441860465116
2 0.15528614457831325 0.08913953488372092 0.15542168674698795 0.1576279069767442
2 0.847921686746988 0.09172093023255813 0.168539156626506 0.167953488372093