5 0.5765432098765432 0.348159509202454 0.1308641975308642 0.450920245398773
5 0.44320987654320987 0.34355828220858897 0.13333333333333333 0.4539877300613497
5 0.5635802469135802 0.7638036809815951 0.08518518518518518 0.3619631901840491
5 0.47716049382716047 0.7699386503067485 0.08765432098765433 0.3803680981595092
6 0.32654320987654323 0.34662576687116564 0.09753086419753086 0.3987730061349693
6 0.6833333333333333 0.30368098159509205 0.08271604938271605 0.43558282208588955
6 0.6493827160493827 0.7561349693251533 0.08148148148148149 0.3895705521472393
6 0.38765432098765434 0.7714723926380368 0.08888888888888889 0.3773006134969325
4 0.7666666666666667 0.2714723926380368 0.08395061728395062 0.4386503067484663
4 0.22469135802469137 0.3266871165644172 0.1037037037037037 0.4325153374233129
4 0.295679012345679 0.7791411042944786 0.09259259259259259 0.4049079754601227
4 0.7339506172839506 0.7346625766871165 0.08518518518518518 0.39570552147239263
1 0.8345679012345679 0.2776073619631902 0.05185185185185185 0.3773006134969325
1 0.13703703703703704 0.34662576687116564 0.0691358024691358 0.37423312883435583
1 0.204320987654321 0.74079754601227 0.08518518518518518 0.37116564417177916
1 0.7987654320987654 0.691717791411043 0.08148148148148149 0.35276073619631904
3 0.8716049382716049 0.3220858895705521 0.0345679012345679 0.2883435582822086
3 0.07777777777777778 0.3604294478527607 0.04938271604938271 0.3220858895705521
3 0.1345679012345679 0.7269938650306749 0.07654320987654321 0.3312883435582822
3 0.8469135802469135 0.6825153374233128 0.056790123456790124 0.3220858895705521
0 0.908641975308642 0.3052147239263804 0.03950617283950617 0.3098159509202454
0 0.02654320987654321 0.3374233128834356 0.05308641975308642 0.3067484662576687
0 0.8969135802469136 0.6457055214723927 0.0654320987654321 0.2668711656441718
0 0.07098765432098765 0.6947852760736196 0.09259259259259259 0.27300613496932513
2 0.9395061728395062 0.26226993865030673 0.022222222222222223 0.19325153374233128
2 0.9290123456790124 0.5613496932515337 0.050617283950617285 0.19631901840490798
2 0.022839506172839506 0.602760736196319 0.04567901234567901 0.19938650306748465