5 0.5566198979591837 0.38205980066445183 0.15133928571428573 0.4318936877076412
5 0.40854591836734694 0.38205980066445183 0.14714285714285713 0.43926910299003324
5 0.43760204081632653 0.7954817275747508 0.09470663265306123 0.38019933554817276
5 0.5353698979591837 0.801029900332226 0.10033163265306122 0.3912956810631229
6 0.28315051020408166 0.3599003322259136 0.10326530612244897 0.402358803986711
6 0.34053571428571433 0.7678073089700997 0.09616071428571428 0.3912956810631229
6 0.6324362244897959 0.7881063122923588 0.09887755102040816 0.402358803986711
6 0.688405612244898 0.36358803986710964 0.10877551020408163 0.41714285714285715
4 0.7918367346938775 0.3673089700996678 0.0974107142857143 0.402358803986711
4 0.1875127551020408 0.34514950166112957 0.08488520408163265 0.3949833887043189
4 0.2548086734693878 0.7272093023255813 0.07493622448979592 0.33222591362126247
4 0.730204081632653 0.7714950166112957 0.09317602040816327 0.37651162790697673
1 0.8683673469387755 0.3617607973421927 0.058494897959183674 0.3469767441860465
1 0.12375 0.34146179401993354 0.045229591836734695 0.32853820598006644
1 0.18396683673469386 0.668139534883721 0.06363520408163266 0.25102990033222594
1 0.8159311224489797 0.7308970099667774 0.0803954081632653 0.3174750830564784
3 0.08832908163265306 0.3248504983388704 0.025408163265306125 0.273156146179402
3 0.14216836734693877 0.5832558139534884 0.04806122448979592 0.14026578073089702
3 0.9179591836734693 0.35069767441860467 0.03501275510204081 0.273156146179402
3 0.8719005102040817 0.6533887043189368 0.053443877551020404 0.21408637873754152