5 0.5715705521472393 0.4938304093567251 0.1442085889570552 0.428859649122807
5 0.4264049079754601 0.5052046783625731 0.1456319018404908 0.4321052631578947
5 0.5463680981595093 0.8365789473684211 0.09106748466257669 0.2436549707602339
5 0.4543558282208589 0.8430701754385964 0.09246625766871165 0.23716374269005847
6 0.7017668711656443 0.4792105263157894 0.1161840490797546 0.39309941520467834
6 0.2989693251533742 0.5035672514619883 0.11160736196319018 0.38336257309941524
6 0.3568957055214724 0.8219590643274854 0.09658895705521472 0.2599122807017544
6 0.6424539877300613 0.8008479532163743 0.097840490797546 0.2501754385964912
4 0.8067239263803682 0.43535087719298243 0.09169325153374233 0.4223391812865497
4 0.19265030674846625 0.45809941520467834 0.0980122699386503 0.4223391812865497
4 0.26012269938650306 0.7862280701754386 0.09390184049079754 0.3119005847953216
4 0.7446871165644171 0.7845906432748537 0.1005276073619632 0.25666666666666665
1 0.8857791411042945 0.34923976608187135 0.06445398773006135 0.3606140350877193
1 0.12245398773006134 0.43046783625730994 0.05851533742331288 0.31514619883040934
1 0.17560736196319018 0.7212573099415205 0.07212269938650306 0.23391812865497075
1 0.8305644171779141 0.7147368421052631 0.07050306748466258 0.142953216374269
3 0.9341717791411043 0.31839181286549706 0.033128834355828224 0.285906432748538
3 0.07883435582822086 0.4061111111111111 0.0312638036809816 0.27289473684210525
3 0.12040490797546012 0.6757602339181287 0.04352147239263804 0.1819298245614035
3 0.883042944785276 0.6189181286549708 0.05003680981595092 0.17868421052631578
0 0.9736932515337423 0.19330409356725145 0.04131288343558282 0.2436549707602339
0 0.036576687116564414 0.3784795321637427 0.0503680981595092 0.2436549707602339
0 0.07338650306748466 0.6286549707602339 0.044895705521472394 0.17868421052631578
0 0.9362085889570552 0.5311988304093567 0.052748466257668714 0.14619883040935672
2 0.041349693251533745 0.5523099415204678 0.029914110429447853 0.09096491228070175
2 0.970957055214724 0.37687134502923975 0.040466257668711654 0.11695906432748537