5 0.5532358003442341 0.35238938053097346 0.14752151462994836 0.4393362831858407
5 0.40509466437177283 0.34765486725663713 0.14629948364888123 0.4551327433628319
5 0.5286402753872633 0.6795132743362832 0.0835972461273666 0.20858407079646019
5 0.43459552495697074 0.6842477876106194 0.08974182444061962 0.21809734513274337
6 0.2815318416523236 0.358716814159292 0.10080895008605852 0.36345132743362835
6 0.34177280550774525 0.6747787610619469 0.09588640275387264 0.25601769911504424
6 0.6220826161790017 0.6779203539823009 0.10080895008605852 0.28761061946902655
6 0.6786402753872633 0.3334513274336283 0.10080895008605852 0.40137168141592916
4 0.19977624784853698 0.33818584070796465 0.06270223752151463 0.37924778761061945
4 0.2587951807228916 0.6953097345132743 0.07253012048192771 0.30973451327433627
4 0.7106024096385543 0.6637168141592921 0.07376936316695352 0.40455752212389384
4 0.76592082616179 0.29867256637168144 0.07376936316695352 0.4393362831858407
1 0.8243201376936317 0.34765486725663713 0.043029259896729774 0.30340707964601765
1 0.1493803786574871 0.37610619469026546 0.040567986230636836 0.2591592920353982
1 0.19977624784853698 0.6352654867256637 0.043029259896729774 0.21491150442477877
1 0.778209982788296 0.6352654867256637 0.05655765920826162 0.22756637168141594
3 0.8544406196213425 0.36504424778761063 0.03196213425129088 0.2686283185840708
3 0.12600688468158347 0.40455752212389384 0.025817555938037865 0.21491150442477877
3 0.166592082616179 0.6210619469026549 0.023356282271944924 0.18646017699115044
3 0.8200172117039587 0.6068141592920353 0.027039586919104994 0.18964601769911504
0 0.8771772805507745 0.36030973451327436 0.015989672977624783 0.15800884955752212
0 0.8488984509466437 0.583141592920354 0.03074010327022375 0.16119469026548672