5 0.5783926380368098 0.40280966767371607 0.16056441717791411 0.5169486404833837
5 0.41413496932515337 0.40280966767371607 0.1647239263803681 0.48338368580060426
6 0.7153987730061349 0.3407250755287009 0.1134601226993865 0.419607250755287
6 0.27510429447852763 0.39105740181268883 0.11024539877300613 0.4061631419939577
4 0.8026380368098159 0.3239274924471299 0.07260122699386504 0.4330211480362538
4 0.1776564417177914 0.3725981873111782 0.0816564417177914 0.4095468277945619
1 0.8632883435582822 0.31891238670694866 0.052171779141104296 0.36924471299093653
1 0.1101840490797546 0.3440785498489426 0.05033128834355829 0.36589123867069484
3 0.9089570552147239 0.2769486404833837 0.04265030674846625 0.3054682779456193
3 0.06520245398773006 0.3021148036253776 0.042171779141104294 0.25510574018126886
0 0.9478036809815952 0.1728700906344411 0.04130061349693251 0.2651963746223565
0 0.04612269938650307 0.21818731117824772 0.0312760736196319 0.14099697885196374
2 0.9791533742331289 0.11749244712990936 0.024957055214723925 0.16785498489425982
2 0.01954601226993865 0.20812688821752265 0.027190184049079753 0.1342598187311178
5 0.521840490797546 0.7250755287009063 0.08612269938650306 0.35583081570996977
5 0.42642944785276077 0.7368277945619335 0.09698159509202454 0.3390332326283988
6 0.6186134969325153 0.7049244712990937 0.10522699386503068 0.3356797583081571
6 0.32555828220858896 0.7384894259818731 0.10785276073619633 0.36924471299093653
4 0.7153987730061349 0.6898187311178248 0.08619631901840491 0.3457401812688822
4 0.23150920245398773 0.7301208459214501 0.0805644171779141 0.3725981873111782
1 0.7937791411042944 0.6629607250755287 0.07396319018404908 0.27861027190332327
1 0.15857668711656442 0.701570996978852 0.08733742331288344 0.35583081570996977
3 0.8469325153374233 0.5790634441087613 0.0385398773006135 0.22489425981873112
3 0.102 0.5941691842900302 0.06396319018404908 0.22154078549848943
0 0.9075950920245399 0.4816918429003021 0.07808588957055215 0.19806646525679758
0 0.038625766871165645 0.47833836858006046 0.06262576687116564 0.29205438066465256
2 0.9532515337423313 0.35583081570996977 0.04130061349693251 0.12084592145015106