5 0.5798730606488012 0.33864238410596026 0.163836389280677 0.4304635761589404
5 0.41834978843441467 0.32963576158940394 0.15875881523272214 0.47864238410596033
6 0.7144851904090268 0.3055298013245033 0.1022425952045134 0.41241721854304636
6 0.2818194640338505 0.29950331125827817 0.11906911142454162 0.4304635761589404
4 0.8003949224259521 0.2919867549668874 0.06956276445698166 0.3793046357615894
4 0.18695345557122708 0.296523178807947 0.07552891396332863 0.41841059602649006
1 0.8567983074753174 0.28447019867549667 0.049083215796897034 0.2919867549668874
1 0.13568406205923836 0.3115562913907285 0.04990126939351199 0.28596026490066223
0 0.91 0.15049668874172187 0.04524682651622003 0.1866225165562914
0 0.0805641748942172 0.18814569536423842 0.05504936530324401 0.22576158940397353
5 0.5407898448519041 0.748046357615894 0.09077574047954866 0.37026490066225165
5 0.4516784203102962 0.7510596026490066 0.09208744710860367 0.35821192052980133
6 0.6362905500705218 0.748046357615894 0.0971509167842031 0.38228476821192053
6 0.3516925246826516 0.7555629139072848 0.10495063469675599 0.3852980132450331
4 0.7343582510578279 0.7179470198675496 0.09582510578279266 0.4425165562913907
4 0.27413258110014105 0.7465231788079469 0.08062059238363892 0.4214238410596026
1 0.8035966149506347 0.6411920529801324 0.07272214386459804 0.3130794701986755
1 0.21708039492242595 0.680298013245033 0.07166431593794076 0.3491721854304636
3 0.8362905500705218 0.5358278145695364 0.04650211565585331 0.21072847682119206
3 0.17157968970380819 0.5839735099337748 0.05245416078984485 0.21072847682119206
0 0.8901410437235543 0.45453642384105963 0.061904090267983075 0.2528476821192053
0 0.12478138222849083 0.4936754966887417 0.05118476727785613 0.21672185430463578
2 0.91 0.3356291390728477 0.03166431593794076 0.1595364238410596
2 0.09722143864598026 0.40036423841059604 0.044795486600846264 0.1625496688741722