5 0.6211562115621156 0.4533333333333333 0.15252152521525214 0.4666666666666667
5 0.46309963099630996 0.4583333333333333 0.16359163591635917 0.4766666666666667
5 0.5645756457564576 0.8066666666666666 0.08610086100861009 0.22666666666666666
5 0.4710947109471095 0.8016666666666666 0.08610086100861009 0.21666666666666667
6 0.3216482164821648 0.4166666666666667 0.11685116851168512 0.44
6 0.38253382533825336 0.7616666666666667 0.08856088560885608 0.25
6 0.7503075030750308 0.43166666666666664 0.1033210332103321 0.4166666666666667
6 0.6512915129151291 0.795 0.07749077490774908 0.21666666666666667
4 0.8370233702337023 0.34833333333333333 0.07257072570725707 0.4766666666666667
4 0.2158671586715867 0.36666666666666664 0.09471094710947109 0.44
4 0.2878228782287823 0.7616666666666667 0.0959409594095941 0.35
4 0.7423124231242313 0.7866666666666666 0.0897908979089791 0.29333333333333333
1 0.8997539975399754 0.29 0.055350553505535055 0.35333333333333333
1 0.13653136531365315 0.33666666666666667 0.06396063960639606 0.35333333333333333
1 0.1992619926199262 0.7183333333333334 0.07872078720787208 0.2633333333333333
1 0.8277982779827798 0.695 0.06888068880688807 0.21666666666666667
3 0.8813038130381304 0.5666666666666667 0.03075030750307503 0.2
3 0.07441574415744158 0.24666666666666667 0.06519065190651907 0.31333333333333335
3 0.13407134071340712 0.6216666666666667 0.06888068880688807 0.21
0 0.9458794587945879 0.21666666666666667 0.03690036900369004 0.24
0 0.024600246002460024 0.20833333333333334 0.03444034440344403 0.20333333333333334
0 0.07318573185731857 0.5016666666666667 0.06027060270602706 0.19666666666666666