5 0.5144868995633187 0.879416282642089 0.0706113537117904 0.130568356374808
5 0.44536026200873363 0.8858218125960061 0.07064410480349344 0.1228878648233487
6 0.5836244541484716 0.8614900153609831 0.07058951965065502 0.15104454685099847
6 0.37077510917030565 0.8640552995391705 0.07794759825327512 0.14081413210445468
4 0.6618449781659389 0.8333333333333334 0.09602620087336244 0.15617511520737326
4 0.29163755458515284 0.8346082949308756 0.10162663755458516 0.14336405529953916
1 0.7300545851528385 0.7219662058371735 0.10873362445414847 0.16897081413210446
1 0.22162663755458514 0.7258064516129032 0.11482532751091704 0.16640552995391705
3 0.7709934497816594 0.5926728110599078 0.11781659388646289 0.16129032258064516
3 0.18614628820960696 0.6003533026113671 0.13118995633187774 0.16640552995391705
0 0.8146397379912664 0.4109062980030722 0.16146288209606988 0.24834101382488477
0 0.14519650655021835 0.4198617511520737 0.15807860262008736 0.22529953917050688
2 0.8583078602620088 0.195852534562212 0.1468886462882096 0.2227342549923195
2 0.11699781659388646 0.2009677419354839 0.14898471615720524 0.20225806451612902