5 0.5893771234428086 0.08446293494704993 0.12417893544733863 0.1689409984871407
5 0.457281993204983 0.08824508320726172 0.1355492638731597 0.1765052950075643
6 0.6950622876557192 0.13993948562783662 0.0977123442808607 0.1588502269288956
6 0.34405436013590035 0.12102874432677761 0.08653454133635334 0.12606656580937972
4 0.2742242355605889 0.2231467473524962 0.12430351075877691 0.16388804841149773
4 0.7630011325028313 0.22818456883509836 0.1278708946772367 0.16388804841149773
1 0.23176670441676106 0.3731770045385779 0.1488448471121178 0.1462481089258699
1 0.796964892412231 0.37568835098335857 0.14296715741789354 0.14119515885022693
3 0.1817553793884485 0.5080635400907715 0.1545300113250283 0.1336308623298033
3 0.8356511891279728 0.5131164901664146 0.14861834654586636 0.1336308623298033
0 0.15250283125707814 0.6908774583963692 0.20549263873159682 0.23701966717095307
0 0.8573499433748584 0.694659606656581 0.18824462061155153 0.2445839636913767
2 0.11098527746319366 0.8635854765506809 0.1941902604756512 0.21936459909228442
2 0.8979275198187996 0.8749319213313163 0.182559456398641 0.19667170953101362