5 0.8679264705882354 0.3643801652892562 0.0825 0.4132231404958678
5 0.7349264705882353 0.3856749311294766 0.18547058823529414 0.4507988980716253
6 0.554485294117647 0.3556198347107438 0.17216176470588235 0.39570247933884295
6 0.9153823529411765 0.3330853994490358 0.03836764705882353 0.31556473829201104
1 0.38338235294117645 0.3506060606060606 0.16955882352941176 0.3506060606060606
3 0.21497058823529414 0.3668870523415978 0.16427941176470587 0.29801652892561986
0 0.06930882352941177 0.35688705234159784 0.12172058823529411 0.27297520661157026
5 0.8291764705882353 0.7100000000000001 0.053838235294117645 0.28801652892561985
5 0.763014705882353 0.7237741046831957 0.07652941176470589 0.31055096418732786
6 0.6627500000000001 0.7074931129476584 0.12133823529411765 0.41823691460055096
6 0.8712794117647059 0.6699173553719009 0.027691176470588233 0.19785123966942147
4 0.5397794117647059 0.6736914600550965 0.14008823529411765 0.3305785123966942
1 0.3800441176470588 0.6799449035812672 0.18158823529411766 0.348099173553719
3 0.20294117647058824 0.6549035812672176 0.17229411764705882 0.3180440771349862
0 0.061264705882352936 0.6348484848484848 0.10819117647058822 0.27297520661157026