5 0.5984672435105068 0.3994943820224719 0.16861557478368355 0.48064606741573035
5 0.4281953028430161 0.40261235955056185 0.17143386897404203 0.46817415730337075
6 0.2881334981458591 0.3682865168539326 0.10831891223733003 0.3807865168539326
6 0.7358096415327565 0.3682865168539326 0.10606922126081582 0.4057303370786517
4 0.8305562422744128 0.2887078651685393 0.08688504326328801 0.40261235955056185
4 0.1865265760197775 0.2887078651685393 0.09187886279357231 0.3464325842696629
1 0.8889122373300371 0.23564606741573033 0.055315203955500616 0.3089887640449438
1 0.11718170580964153 0.2247191011235955 0.049332509270704566 0.29337078651685394
3 0.9376637824474661 0.20132022471910113 0.0484672435105068 0.2590449438202247
3 0.07049443757725588 0.16853932584269662 0.043856613102595796 0.21224719101123596
5 0.5751297898640296 0.7927528089887641 0.11095179233621756 0.3183426966292135
5 0.4673300370828183 0.7896348314606741 0.1068726823238566 0.33707865168539325
6 0.3643510506798517 0.7708988764044944 0.09867737948084054 0.3183426966292135
6 0.6719406674907293 0.7443820224719101 0.08207663782447466 0.34019662921348315
4 0.2812731767614339 0.6928932584269663 0.0945859085290482 0.2746629213483146
4 0.7591347342398022 0.7147191011235955 0.08616810877626699 0.28713483146067414
1 0.8284796044499382 0.6304494382022472 0.07103831891223733 0.25592696629213485
1 0.19956736711990108 0.6148595505617978 0.07676143386897405 0.24345505617977528
3 0.8710506798516686 0.5539887640449438 0.06003708281829419 0.22160112359550563
3 0.14464771322620518 0.510308988764045 0.060309023485784916 0.21536516853932586
0 0.9143139678615574 0.4385112359550562 0.05315203955500618 0.19662921348314608
0 0.09794808405438812 0.4197752808988764 0.06032138442521631 0.17165730337078652