5 0.6021813725490196 0.2928960396039604 0.1658088235294118 0.4593069306930693
5 0.43405637254901963 0.3025247524752475 0.17268382352941175 0.45653465346534655
6 0.741078431372549 0.26952970297029705 0.10651960784313726 0.407029702970297
6 0.29791666666666666 0.29564356435643563 0.10193627450980393 0.3547772277227723
4 0.841139705882353 0.24202970297029702 0.0970343137254902 0.45103960396039605
4 0.20329656862745096 0.29564356435643563 0.08971813725490195 0.3712871287128713
1 0.9132843137254902 0.2585148514851485 0.05349264705882353 0.3190346534653465
1 0.13455882352941176 0.29014851485148513 0.050269607843137255 0.29977722772277227
3 0.9588848039215687 0.253019801980198 0.03852941176470588 0.280519801980198
3 0.08894607843137255 0.280519801980198 0.040747549019607844 0.26403465346534655
0 0.9827083333333333 0.22002475247524753 0.022720588235294117 0.26403465346534655
0 0.04470588235294117 0.253019801980198 0.042132352941176475 0.2585148514851485
2 0.014754901960784312 0.22965346534653466 0.020355392156862745 0.21727722772277228
5 0.5858578431372549 0.7975742574257426 0.09774509803921569 0.39054455445544556
5 0.487156862745098 0.7920792079207921 0.10186274509803922 0.368539603960396
6 0.687953431372549 0.7906930693069307 0.10042892156862746 0.40980198019801983
6 0.3877696078431373 0.7906930693069307 0.09917892156862745 0.3657920792079208
4 0.7887009803921569 0.7356930693069308 0.1003921568627451 0.40980198019801983
4 0.2904289215686275 0.7453217821782179 0.09513480392156862 0.36304455445544553
1 0.864938725490196 0.6779455445544554 0.0758578431372549 0.3107920792079208
1 0.21964460784313725 0.693069306930693 0.0761029411764706 0.27502475247524755
3 0.9153308823529411 0.6201980198019802 0.06030637254901961 0.2722772277227723
3 0.17675245098039213 0.638069306930693 0.06113970588235294 0.22551980198019803
0 0.9670588235294117 0.5748019801980198 0.0630392156862745 0.2915346534653465
0 0.11957107843137255 0.5885643564356435 0.09655637254901961 0.253019801980198
2 0.07125 0.5032920792079209 0.06253676470588236 0.16502475247524753