5 0.5292168674698795 0.912139534883721 0.06661144578313252 0.15504651162790697
5 0.45310240963855425 0.9082790697674419 0.07834337349397591 0.1576279069767442
6 0.6036746987951807 0.8901860465116278 0.07829819277108434 0.167953488372093
6 0.3719578313253012 0.8837209302325582 0.08674698795180723 0.15504651162790697
4 0.6731024096385542 0.8191162790697675 0.10001506024096385 0.18088372093023256
4 0.3175903614457831 0.8087906976744186 0.10897590361445783 0.17053488372093023
1 0.7375150602409638 0.6757209302325582 0.11840361445783133 0.1886279069767442
1 0.2582078313253012 0.6679534883720931 0.12402108433734939 0.167953488372093
3 0.7667921686746988 0.5090465116279069 0.13009036144578312 0.18604651162790697
3 0.22391566265060242 0.5051627906976744 0.1290210843373494 0.1937906976744186
0 0.8119578313253012 0.3023255813953488 0.16688253012048193 0.2945813953488372
0 0.18626506024096387 0.30620930232558136 0.16079819277108434 0.27132558139534885
2 0.8487650602409639 0.09044186046511628 0.16352409638554216 0.17053488372093023
2 0.15780120481927712 0.08913953488372092 0.1504066265060241 0.1576279069767442