5 0.576844262295082 0.4199288256227758 0.12811475409836065 0.4555160142348754
5 0.4505054644808743 0.42526690391459077 0.12133879781420764 0.45195729537366547
5 0.4832923497267759 0.7935943060498221 0.07487704918032788 0.2704626334519573
5 0.5577322404371584 0.7722419928825622 0.07075136612021858 0.25622775800711745
6 0.6909016393442623 0.40747330960854095 0.0939207650273224 0.40213523131672596
6 0.34192622950819673 0.4092526690391459 0.09269125683060109 0.4128113879003559
6 0.4054371584699453 0.7864768683274022 0.07765027322404372 0.3274021352313167
6 0.6349043715846995 0.7686832740213523 0.07755464480874318 0.30604982206405695
4 0.7810655737704918 0.35231316725978645 0.08640710382513661 0.47686832740213525
4 0.2545081967213115 0.3879003558718861 0.07907103825136612 0.4626334519572954
4 0.3228005464480874 0.791814946619217 0.07904371584699453 0.33807829181494664
4 0.7209426229508197 0.7580071174377224 0.08845628415300547 0.298932384341637
1 0.18826502732240438 0.3879003558718861 0.05314207650273224 0.38434163701067614
1 0.24631147540983608 0.7526690391459074 0.07087431693989071 0.2669039145907473
1 0.7933333333333333 0.7117437722419929 0.05837431693989071 0.24199288256227758
1 0.849344262295082 0.32562277580071175 0.04743169398907104 0.3807829181494662
3 0.8916803278688525 0.28291814946619215 0.0337568306010929 0.3594306049822064
3 0.1390983606557377 0.3683274021352313 0.04769125683060109 0.3594306049822064
3 0.18348360655737705 0.7117437722419929 0.051775956284153005 0.2704626334519573
3 0.8507103825136613 0.6494661921708185 0.05288251366120219 0.2526690391459075
0 0.09196721311475409 0.35765124555160144 0.05181693989071038 0.3096085409252669
0 0.13021857923497268 0.6637010676156584 0.05180327868852459 0.22419928825622776
0 0.9258333333333334 0.26868327402135234 0.03454918032786885 0.3167259786476868
0 0.8937295081967214 0.5782918149466192 0.03784153005464481 0.21708185053380782
2 0.05236338797814207 0.3096085409252669 0.027240437158469948 0.2277580071174377
2 0.07967213114754099 0.5693950177935944 0.05181693989071038 0.1708185053380783
2 0.9292486338797815 0.49110320284697506 0.03237704918032787 0.13523131672597866
2 0.9558743169398908 0.22953736654804271 0.022800546448087433 0.2526690391459075