5 0.5657588652482269 0.2962797619047619 0.16605673758865247 0.4518452380952381
5 0.40009929078014184 0.2867857142857143 0.164822695035461 0.4437202380952381
6 0.27181560283687944 0.25973214285714286 0.08880851063829787 0.35714285714285715
6 0.6953333333333334 0.2773214285714286 0.08994326241134751 0.3977380952380952
4 0.8023687943262411 0.26514880952380954 0.12153191489361703 0.43830357142857146
4 0.1764113475177305 0.23675595238095237 0.09916312056737588 0.40312499999999996
1 0.8790780141843971 0.2935714285714286 0.08417021276595746 0.34901785714285716
1 0.10873758865248226 0.22863095238095235 0.06953191489361703 0.3869047619047619
3 0.9312907801418439 0.2800297619047619 0.05970212765957447 0.30032738095238093
3 0.05394326241134752 0.1988690476190476 0.05537588652482269 0.34901785714285716
0 0.9725390070921985 0.24351190476190473 0.04424113475177305 0.27598214285714284
0 0.01526241134751773 0.1542261904761905 0.02443971631205674 0.2813988095238095
5 0.5464255319148936 0.7102380952380952 0.09643971631205674 0.37607142857142856
5 0.4510212765957447 0.7034523809523809 0.09390070921985816 0.4004464285714286
6 0.35110638297872343 0.6953571428571428 0.10554609929078014 0.3841964285714286
6 0.6444113475177305 0.7088690476190477 0.09899290780141845 0.36797619047619046
4 0.7462695035460993 0.7197023809523809 0.09895035460992908 0.4437202380952381
4 0.24797163120567375 0.6696428571428571 0.10299290780141844 0.419375
1 0.8352198581560284 0.6994047619047619 0.08086524822695035 0.38148809523809524
1 0.16546099290780142 0.6277083333333333 0.09529078014184399 0.34092261904761906
3 0.896468085106383 0.612827380952381 0.07697872340425532 0.3273809523809524
3 0.08875177304964539 0.5587202380952381 0.0914468085106383 0.316547619047619
0 0.9602978723404255 0.5736011904761904 0.07388652482269505 0.292202380952381
0 0.04168794326241135 0.47889880952380953 0.0721418439716312 0.24892857142857144