5 0.545983606557377 0.9016876971608833 0.09133489461358314 0.13143533123028392
5 0.4523185011709602 0.8938012618296529 0.08747072599531616 0.14195583596214512
6 0.6376932084309134 0.8740851735015772 0.08740046838407495 0.15509463722397476
6 0.3586651053864169 0.8648738170347003 0.09140515222482436 0.16298107255520505
4 0.7128103044496488 0.810993690851735 0.11663934426229508 0.1866403785488959
4 0.2688992974238876 0.7952208201892744 0.11096018735362999 0.18138801261829654
1 0.787927400468384 0.687429022082019 0.11466042154566745 0.18138801261829654
1 0.21036299765807964 0.6532649842271293 0.11878220140515222 0.17613564668769716
3 0.8289110070257611 0.5375867507886435 0.12245901639344262 0.15509463722397476
3 0.18306791569086653 0.503422712933754 0.14266978922716628 0.16561514195583596
0 0.8493911007025761 0.3470031545741325 0.16733021077283372 0.2471135646687697
0 0.14889929742388758 0.31809148264984227 0.17929742388758782 0.25236593059936907
2 0.8776814988290398 0.15509463722397476 0.16536299765807963 0.17350157728706625
2 0.10792740046838407 0.11041009463722397 0.1637002341920375 0.1892744479495268