5 0.5537735849056604 0.4892638036809816 0.14563522012578617 0.40797546012269936
5 0.4091446540880503 0.48466257668711654 0.14569811320754716 0.4171779141104294
6 0.6776729559748428 0.4662576687116564 0.10216352201257861 0.38650306748466257
6 0.28527044025157233 0.4493865030674847 0.09920754716981132 0.3588957055214724
4 0.7701132075471698 0.4325153374233129 0.07830188679245283 0.3987730061349693
4 0.19724528301886793 0.40644171779141103 0.08163522012578617 0.3773006134969325
1 0.8373836477987422 0.37116564417177916 0.05874213836477988 0.3619631901840491
1 0.1299622641509434 0.3328220858895706 0.050213836477987425 0.34662576687116564
3 0.8801509433962265 0.3236196319018405 0.044389937106918236 0.3282208588957055
3 0.09098113207547169 0.27300613496932513 0.040176100628930816 0.31901840490797545
0 0.9216477987421384 0.254601226993865 0.05194968553459119 0.31901840490797545
0 0.05387421383647799 0.21012269938650308 0.0590440251572327 0.2791411042944785
5 0.5550440251572327 0.7515337423312883 0.07269182389937107 0.25153374233128833
5 0.4776981132075471 0.7515337423312883 0.0739874213836478 0.26380368098159507
6 0.6405660377358491 0.7423312883435583 0.07825157232704402 0.27607361963190186
6 0.3902893081761006 0.7361963190184049 0.08281761006289308 0.2822085889570552
4 0.7216729559748428 0.7300613496932515 0.08143396226415094 0.2822085889570552
4 0.30162264150943396 0.7515337423312883 0.09417610062893082 0.32515337423312884
1 0.7971320754716982 0.6825153374233128 0.06379874213836478 0.29141104294478526
1 0.21674213836477987 0.696319018404908 0.07533333333333334 0.294478527607362
3 0.8518490566037736 0.6288343558282209 0.06324528301886792 0.1901840490797546
3 0.15260377358490565 0.6503067484662577 0.06277987421383648 0.3006134969325153
0 0.9159874213836479 0.558282208588957 0.07332075471698113 0.2822085889570552
0 0.08530817610062892 0.5751533742331288 0.09928301886792454 0.3098159509202454
2 0.0400377358490566 0.4401840490797546 0.05402515723270441 0.19325153374233128