5 0.5607028360049322 0.262106824925816 0.12300863131935882 0.4253115727002968
5 0.44016029593094946 0.2703560830860534 0.11758323057953145 0.41543026706231456
6 0.3305795314426634 0.27201780415430266 0.09569667077681875 0.3857566765578635
6 0.668249075215783 0.2687240356083086 0.0920838471023428 0.3791691394658754
4 0.7572872996300862 0.288486646884273 0.07842170160295932 0.3791691394658754
4 0.2442786683107275 0.3132344213649852 0.07655980271270037 0.3626706231454006
1 0.8148088779284833 0.30991097922848665 0.05926017262638718 0.30991097922848665
1 0.18606658446362517 0.34620178041543026 0.061516646115906286 0.30991097922848665
3 0.8593341553637484 0.33465875370919884 0.04695437731196054 0.26047477744807124
3 0.14017262638717634 0.3610385756676558 0.051935881627620216 0.26706231454005935
0 0.9045376078914921 0.34620178041543026 0.04696670776818743 0.23080118694362017
0 0.09086313193588162 0.36433234421364985 0.051960542540073984 0.2472700296735905
2 0.9401479654747226 0.3247477744807122 0.030542540073982737 0.22750741839762612
2 0.0518249075215783 0.3379525222551929 0.03143033292231812 0.25388724035608307
5 0.5654993834771886 0.6907418397626113 0.08054254007398273 0.34620178041543026
5 0.487422934648582 0.6791988130563797 0.0750924784217016 0.3362908011869436
6 0.4093341553637485 0.6907418397626113 0.08060419235511715 0.37258160237388727
6 0.6435758323057954 0.689080118694362 0.07504315659679409 0.3626706231454006
4 0.7161775585696671 0.7022848664688427 0.06953144266337855 0.4220178041543027
4 0.3298890258939581 0.6923738872403561 0.08337854500616523 0.3956379821958457
1 0.7730332922318125 0.6791988130563797 0.05514180024660912 0.32311572700296737
1 0.26071516646115905 0.7039169139465875 0.06284833538840937 0.33299703264094954
3 0.8168680641183724 0.6693175074183977 0.05241676942046856 0.30332344213649853
3 0.2148335388409371 0.6693175074183977 0.05054254007398274 0.23738872403560832
0 0.8620715166461159 0.6445697329376855 0.04969173859432799 0.2934421364985163
0 0.16620221948212083 0.6528189910979229 0.06562268803945746 0.23080118694362017
2 0.9079531442663379 0.598427299703264 0.05655980271270036 0.2472700296735905
2 0.10319358816276201 0.6181899109792285 0.06564734895191122 0.23409495548961423