5 0.5758212290502793 0.16047882136279926 0.1449050279329609 0.24731123388581952
5 0.42900558659217874 0.15390423572744014 0.1449608938547486 0.25519337016574584
6 0.31330726256983243 0.19994475138121545 0.10830167597765364 0.22626151012891343
6 0.7026927374301676 0.2288950276243094 0.09858100558659218 0.23677716390423573
4 0.7833072625698323 0.35780847145488026 0.12646927374301675 0.23151012891344383
4 0.22871508379888267 0.33279926335174953 0.1338659217877095 0.23414364640883978
1 0.8303910614525141 0.5367034990791897 0.15680446927374303 0.19467771639042356
1 0.18243575418994412 0.5090791896869246 0.14984357541899443 0.19206261510128914
3 0.8583240223463687 0.7261325966850829 0.161608938547486 0.1894290976058932
3 0.1569050279329609 0.6932412523020258 0.14665921787709496 0.18679558011049724
0 0.9021787709497208 0.9038489871086557 0.13360893854748604 0.1923204419889503
0 0.11940782122905029 0.8854327808471455 0.1386927374301676 0.22915285451197054