5 0.5939541547277937 0.33598591549295775 0.1683381088825215 0.5604577464788731
5 0.4268194842406877 0.3477112676056338 0.165945558739255 0.5428521126760563
5 0.5330659025787965 0.7922535211267606 0.09431232091690545 0.352112676056338
5 0.4399426934097421 0.7995774647887325 0.09193409742120344 0.3550352112676056
6 0.287134670487106 0.3345070422535211 0.11103151862464183 0.46947183098591555
6 0.34323782234957023 0.7658450704225352 0.1014756446991404 0.37559859154929576
6 0.625 0.7981338028169014 0.09193409742120344 0.36383802816901406
6 0.7288681948424068 0.32130281690140844 0.10386819484240688 0.4724295774647887
4 0.8124355300859599 0.30221830985915493 0.06328080229226361 0.498838028169014
4 0.18922636103151863 0.31397887323943663 0.08477077363896848 0.5105633802816901
4 0.24832378223495705 0.7790492957746479 0.08595988538681948 0.43133802816901406
4 0.7169340974212035 0.7555633802816902 0.08714899713467049 0.3961267605633803
1 0.8703438395415473 0.2596830985915493 0.050143266475644696 0.40200704225352113
1 0.13252148997134672 0.32278169014084507 0.050143266475644696 0.31102112676056337
3 0.9139255014326647 0.21274647887323944 0.03462750716332379 0.24940140845070422
3 0.0901432664756447 0.3066197183098591 0.03462750716332379 0.272887323943662
1 0.7939398280802291 0.693943661971831 0.06686246418338108 0.2670070422535211
1 0.1761031518624642 0.7203521126760564 0.0513323782234957 0.29637323943661975
3 0.8500429799426935 0.6338028169014085 0.04537249283667622 0.19954225352112676
3 0.13312320916905446 0.6675352112676057 0.037005730659025786 0.29637323943661975
0 0.8846704871060171 0.5575 0.06446991404011461 0.18778169014084506
0 0.09670487106017192 0.5985915492957746 0.03581661891117478 0.1936619718309859