5 0.5600393700787402 0.28524590163934427 0.13488188976377952 0.4524590163934426
5 0.42292650918635166 0.26557377049180325 0.13887139107611549 0.4721311475409836
6 0.305498687664042 0.26229508196721313 0.09561679790026247 0.39344262295081966
6 0.6715748031496063 0.2721311475409836 0.08761154855643045 0.43934426229508194
4 0.7575196850393701 0.27049180327868855 0.08363517060367454 0.4557377049180328
4 0.21496062992125986 0.25901639344262295 0.08515748031496063 0.4
1 0.8218241469816273 0.32131147540983607 0.0475984251968504 0.36065573770491804
1 0.1500262467191601 0.26721311475409837 0.04451443569553806 0.3180327868852459
3 0.8638057742782153 0.3557377049180328 0.04236220472440945 0.30491803278688523
3 0.11262467191601049 0.28688524590163933 0.03534120734908137 0.29180327868852457
0 0.9005380577427822 0.34590163934426227 0.031876640419947505 0.2721311475409836
0 0.08048556430446194 0.27377049180327867 0.02879265091863517 0.2721311475409836
2 0.9195669291338583 0.3737704918032787 0.03582677165354331 0.24918032786885247
2 0.05423884514435695 0.24262295081967214 0.02880577427821522 0.24262295081967214
5 0.5279002624671916 0.7360655737704918 0.0837270341207349 0.35081967213114756
5 0.44392388451443565 0.740983606557377 0.07851706036745407 0.36065573770491804
6 0.36782152230971127 0.7098360655737705 0.07591863517060368 0.3836065573770492
6 0.6079396325459318 0.7180327868852459 0.0758267716535433 0.3737704918032787
4 0.2858136482939632 0.6983606557377049 0.08513123359580053 0.4459016393442623
4 0.6866666666666666 0.7163934426229508 0.08103674540682415 0.42950819672131146
1 0.7509580052493439 0.6901639344262295 0.0705249343832021 0.3704918032786885
1 0.21431758530183728 0.660655737704918 0.07597112860892388 0.3901639344262295
3 0.799501312335958 0.6770491803278689 0.05213910761154855 0.30491803278688523
3 0.1723228346456693 0.6295081967213115 0.052375328083989495 0.32131147540983607
0 0.857230971128609 0.6655737704918033 0.06786089238845144 0.26229508196721313
0 0.12574803149606298 0.5950819672131148 0.0641994750656168 0.28524590163934427