5 0.5763636363636364 0.42857142857142855 0.15530712530712532 0.4825428571428571
5 0.42283783783783785 0.4333428571428571 0.14853808353808354 0.4730285714285714
5 0.5490786240786241 0.8079428571428571 0.08707616707616707 0.28254285714285715
5 0.4610565110565111 0.8063428571428572 0.08574938574938575 0.26665714285714287
6 0.2959213759213759 0.4380857142857143 0.10491400491400492 0.39365714285714287
6 0.3696191646191646 0.8016 0.09396805896805896 0.3396857142857143
6 0.6405159705159705 0.7762 0.08977886977886977 0.3142857142857143
6 0.7060196560196561 0.4238 0.10066339066339067 0.4095142857142858
4 0.20584766584766584 0.44125714285714285 0.07219901719901721 0.4190571428571428
4 0.28363636363636363 0.8031714285714286 0.07762899262899263 0.33017142857142856
4 0.7292260442260443 0.7587428571428572 0.08154791154791154 0.34285714285714286
4 0.7954176904176905 0.4206285714285714 0.07743243243243243 0.4095142857142858
1 0.8008722358722359 0.7507999999999999 0.06105651105651106 0.2571428571428571
1 0.2078992628992629 0.7920571428571429 0.07083538083538084 0.28254285714285715
1 0.8568304668304669 0.4492 0.047383292383292384 0.30794285714285713
1 0.1492137592137592 0.4746 0.06812039312039313 0.3650857142857143
3 0.15330466830466832 0.7555428571428572 0.04082309582309582 0.19048571428571429
3 0.8561547911547911 0.7206285714285714 0.04601965601965602 0.22857142857142856
3 0.0993980343980344 0.46031428571428573 0.05858722358722358 0.2984
3 0.8998280098280099 0.46508571428571427 0.0659090909090909 0.30794285714285713
0 0.06800982800982801 0.5016 0.03676904176904177 0.2095142857142857
0 0.10213759213759213 0.7253999999999999 0.06131449631449631 0.20634285714285713
0 0.9025552825552825 0.7253999999999999 0.04600737100737101 0.21268571428571428
0 0.9373587223587223 0.4968285714285714 0.03998771498771499 0.23174285714285714