5 0.5598659217877094 0.18822635135135135 0.12576536312849163 0.17856418918918918
5 0.4377765363128492 0.19667229729729732 0.11783240223463687 0.1858108108108108
6 0.33964245810055865 0.24010135135135133 0.08116201117318436 0.1568581081081081
6 0.662 0.24976351351351353 0.07785474860335197 0.1616722972972973
4 0.7298435754189945 0.3354222972972973 0.12166480446927375 0.19305743243243245
4 0.28537430167597766 0.35231418918918916 0.10991061452513967 0.1978716216216216
1 0.7785251396648044 0.47900337837837836 0.14562011173184358 0.17133445945945946
1 0.2390949720670391 0.47900337837837836 0.132268156424581 0.1858108108108108
3 0.7960782122905028 0.6141385135135135 0.14881564245810056 0.1616722972972973
3 0.2079776536312849 0.611722972972973 0.14025698324022345 0.15202702702702703
0 0.8335865921787708 0.7794425675675676 0.16637988826815642 0.25096283783783785
0 0.20158659217877092 0.7987500000000001 0.16260335195530726 0.23648648648648649
2 0.875877094972067 0.9222972972972973 0.1584245810055866 0.1554054054054054
2 0.12817877094972066 0.8928547297297298 0.16262569832402235 0.1978716216216216