5 0.5620454545454545 0.3057440476190476 0.1495028409090909 0.41125
5 0.40389204545454543 0.316547619047619 0.1534375 0.4004464285714286
6 0.6911647727272727 0.3341369047619048 0.10556818181818181 0.3382142857142857
6 0.27801136363636364 0.28407738095238094 0.10313920454545454 0.36797619047619046
4 0.19667613636363637 0.28407738095238094 0.06186079545454545 0.4166666666666667
4 0.7802414772727272 0.35580357142857144 0.07196022727272727 0.419375
1 0.8467329545454546 0.37744047619047616 0.05772727272727273 0.32196428571428576
1 0.13664772727272728 0.30032738095238093 0.05801136363636364 0.3300892857142857
3 0.8990340909090908 0.36797619047619046 0.04944602272727273 0.3138392857142857
3 0.08823863636363637 0.2813988095238095 0.03865056818181818 0.27598214285714284
0 0.9480965909090909 0.32196428571428576 0.046875 0.221875
0 0.05272727272727273 0.2556845238095238 0.03480113636363636 0.19211309523809522
2 0.026903409090909092 0.19479166666666667 0.016732954545454544 0.1461011904761905
5 0.531065340909091 0.7778571428571429 0.09529829545454546 0.34901785714285716
5 0.4348863636363637 0.7629761904761905 0.09661931818181818 0.35172619047619047
6 0.33998579545454544 0.72375 0.0927840909090909 0.35443452380952384
6 0.6291903409090909 0.7724702380952382 0.09525568181818182 0.35985119047619046
4 0.24767045454545455 0.6507142857142857 0.09410511363636363 0.35443452380952384
4 0.7311789772727273 0.752172619047619 0.10296875 0.42749999999999994
1 0.8247869318181817 0.7075297619047619 0.08098011363636363 0.3382142857142857
1 0.17473011363636365 0.5979464285714285 0.07735795454545455 0.2867857142857143
3 0.8899857954545454 0.6398809523809523 0.05126420454545455 0.24080357142857142
3 0.13342329545454545 0.5519345238095238 0.05154829545454545 0.1731547619047619
0 0.9280823863636364 0.5668154761904761 0.04221590909090909 0.23538690476190477
0 0.08951704545454546 0.4802380952380953 0.04640625 0.11092261904761906
2 0.05465909090909091 0.40312499999999996 0.02833806818181818 0.09741071428571428