5 0.5893771234428086 0.08446293494704993 0.12795016987542468 0.16388804841149773
5 0.45917327293318233 0.08824508320726172 0.1317780294450736 0.1765052950075643
6 0.693193657984145 0.1462481089258699 0.10609286523216309 0.1613767019667171
6 0.3525481313703284 0.12606656580937972 0.09595696489241223 0.15128593040847202
4 0.7630237825594564 0.22818456883509836 0.12121177802944508 0.17397881996974282
4 0.27800679501698755 0.2231467473524962 0.12429218573046433 0.1689409984871407
1 0.7951075877689695 0.3769591527987897 0.1438731596828992 0.1588502269288956
1 0.23364665911664778 0.3731770045385779 0.15261608154020384 0.15632375189107411
3 0.8375651189127974 0.5118456883509833 0.14200453001132504 0.1462481089258699
3 0.1836466591166478 0.5055521936459909 0.1507474518686297 0.1538124054462935
0 0.8602151755379389 0.694659606656581 0.1986296715741789 0.264750378214826
0 0.1543827859569649 0.6845688350983359 0.19039637599093998 0.25465960665658094
2 0.8989014722536807 0.8724205748865355 0.18165345413363534 0.20676248108925868
2 0.10909399773499434 0.859803328290469 0.18663646659116648 0.22692889561270801