5 0.5750987654320987 0.3510429447852761 0.1231604938271605 0.46352760736196325
5 0.44618518518518524 0.34254601226993864 0.13418518518518519 0.4601226993865031
6 0.32755555555555554 0.3408282208588957 0.09444444444444444 0.4158282208588957
6 0.6800246913580248 0.30846625766871166 0.08608641975308642 0.4328527607361964
4 0.7657654320987655 0.27266871165644174 0.08538271604938272 0.43625766871165644
4 0.22812345679012347 0.3220858895705521 0.09860493827160495 0.4396625766871166
1 0.8315925925925927 0.27607361963190186 0.052481481481481476 0.36809815950920244
1 0.14171604938271606 0.3493558282208589 0.07120987654320987 0.3578834355828221
3 0.8727283950617284 0.31696319018404906 0.033296296296296296 0.2931288343558282
3 0.08069135802469135 0.354478527607362 0.05065432098765432 0.32720858895705524
0 0.9063333333333333 0.2948159509202454 0.0374320987654321 0.3033435582822086
0 0.026518518518518518 0.3493558282208589 0.04655555555555556 0.2828834355828221
2 0.9378765432098765 0.27607361963190186 0.023728395061728393 0.19085889570552148
5 0.5661975308641976 0.7685889570552147 0.0861358024691358 0.3578834355828221
5 0.4790987654320988 0.7668711656441718 0.08753086419753087 0.36809815950920244
6 0.390641975308642 0.7583435582822086 0.0944320987654321 0.37150306748466255
6 0.6519135802469135 0.741319018404908 0.08198765432098765 0.37831288343558284
4 0.29601234567901236 0.7804907975460122 0.09446913580246913 0.40217791411042947
4 0.7362592592592593 0.7310736196319019 0.08058024691358025 0.4123926380368098
1 0.7986666666666666 0.6884662576687116 0.07644444444444444 0.3476380368098159
1 0.2034320987654321 0.7379141104294479 0.09038271604938271 0.37831288343558284
3 0.8487283950617285 0.6867791411042944 0.05934567901234568 0.31015337423312883
3 0.1348641975308642 0.7191411042944785 0.07669135802469136 0.31355828220858895
0 0.8953580246913581 0.6475766871165645 0.05937037037037037 0.26585889570552146
0 0.0704074074074074 0.6987116564417178 0.08767901234567901 0.27266871165644174
2 0.9262222222222223 0.5708895705521473 0.04703703703703704 0.22153374233128834
2 0.02445679012345679 0.6271165644171779 0.04518518518518519 0.21131901840490797