5 0.5668791946308726 0.37735849056603776 0.11505033557046979 0.37196226415094336
5 0.4500167785234899 0.37735849056603776 0.11625838926174498 0.36656603773584906
5 0.5578859060402684 0.6172452830188679 0.061124161073825505 0.10241509433962265
5 0.4901677852348993 0.6199622641509434 0.059916107382550335 0.11320754716981132
6 0.3523489932885906 0.3571320754716981 0.07909395973154362 0.3369433962264151
6 0.6639429530201342 0.3544528301886793 0.07669463087248322 0.3153584905660377
6 0.42186241610738257 0.6307169811320754 0.06711409395973154 0.1401509433962264
6 0.6273993288590605 0.5862641509433962 0.06352348993288591 0.14286792452830188
4 0.28104026845637586 0.3476981132075472 0.061124161073825505 0.3288301886792453
4 0.34934563758389264 0.6280377358490566 0.07790268456375839 0.19947169811320756
4 0.7328691275167786 0.3328679245283019 0.061124161073825505 0.32615094339622647
4 0.6945134228187919 0.6010943396226415 0.06830536912751678 0.20486792452830188
1 0.23370805369127515 0.355811320754717 0.03595637583892618 0.25335849056603776
1 0.2858389261744967 0.5903018867924529 0.04914429530201342 0.14554716981132076
1 0.7813926174496644 0.32479245283018865 0.03595637583892618 0.26683018867924524
1 0.7508389261744967 0.5498490566037736 0.03954697986577181 0.11320754716981132
3 0.2019463087248322 0.3342264150943396 0.029966442953020134 0.24796226415094338
3 0.24927852348993287 0.5404150943396226 0.03355704697986577 0.11052830188679245
3 0.7855872483221477 0.49324528301886794 0.032365771812080536 0.07547169811320754
3 0.8137583892617449 0.2964905660377358 0.028758389261744968 0.23181132075471697
0 0.1689765100671141 0.268188679245283 0.03595637583892618 0.19135849056603774
0 0.2019463087248322 0.5202264150943396 0.0563255033557047 0.11860377358490566
0 0.8425167785234899 0.23045283018867924 0.028758389261744968 0.16981132075471697
2 0.1342281879194631 0.23045283018867924 0.03355704697986577 0.18060377358490565
2 0.16359060402684564 0.41913207547169806 0.044345637583892615 0.09973584905660378
0 0.8305369127516778 0.4083396226415094 0.059916107382550335 0.14286792452830188
2 0.8772818791946309 0.1967547169811321 0.038355704697986576 0.15633962264150944