5 0.564860853432282 0.3723404255319149 0.1746382189239332 0.4650638297872341
5 0.39261595547309835 0.3708085106382979 0.16410018552875696 0.46199999999999997
6 0.2607977736549165 0.34195744680851065 0.09922077922077921 0.40425531914893614
6 0.7086456400742115 0.3449787234042553 0.11293135435992578 0.4164255319148936
4 0.8119851576994435 0.32676595744680853 0.08912801484230055 0.4225106382978724
4 0.1740074211502783 0.30851063829787234 0.07142857142857142 0.42855319148936166
1 0.8742671614100186 0.3069787234042553 0.05205936920222634 0.3221702127659574
1 0.11241187384044528 0.3145957446808511 0.0489239332096475 0.27051063829787236
3 0.9087198515769944 0.311531914893617 0.0361595547309833 0.2583404255319149
3 0.07927643784786641 0.27357446808510644 0.03304267161410018 0.2553191489361702
0 0.9371985157699443 0.3008936170212766 0.032207792207792206 0.19451063829787235
0 0.05410018552875696 0.2598723404255319 0.02510204081632653 0.19757446808510637
5 0.511873840445269 0.799404255319149 0.09781076066790352 0.2917872340425532
5 0.40786641929499073 0.7948510638297872 0.10447124304267162 0.3008936170212766
6 0.6105751391465678 0.7963404255319149 0.10705009276437849 0.3161276595744681
6 0.31115027829313546 0.775063829787234 0.09126159554730982 0.2917872340425532
4 0.2276808905380334 0.7689787234042553 0.07272727272727274 0.26748936170212767
4 0.7053246753246754 0.775063829787234 0.07918367346938776 0.2857021276595745
1 0.7828385899814471 0.7522978723404254 0.07252319109461967 0.2887659574468085
1 0.15810760667903526 0.724936170212766 0.07673469387755102 0.28268085106382984
3 0.8318552875695733 0.7112340425531914 0.04866419294990724 0.2553191489361702
3 0.12499072356215214 0.685404255319149 0.04760667903525046 0.2644255319148936
0 0.8769016697588126 0.6656595744680851 0.051298701298701295 0.22493617021276596
0 0.08922077922077923 0.6200425531914894 0.06087198515769945 0.19451063829787235