5 0.5410138248847927 0.10306184012066365 0.14746543778801843 0.1860180995475113
5 0.3903110599078341 0.11187028657616893 0.15327188940092165 0.19355957767722476
6 0.6581451612903225 0.1822473604826546 0.10982718894009216 0.1583710407239819
6 0.27608294930875577 0.17597285067873303 0.11684331797235023 0.14580693815987933
4 0.7570046082949309 0.29663650075414777 0.11947004608294931 0.19105580693815988
4 0.2021774193548387 0.2853242835595777 0.13414746543778802 0.1885369532428356
1 0.8030875576036867 0.43615384615384617 0.15788018433179724 0.18351432880844645
1 0.1541820276497696 0.41980392156862745 0.14952764976958524 0.16591251885369532
3 0.8395622119815669 0.5869834087481146 0.14637096774193548 0.16339366515837103
3 0.12442396313364056 0.5467571644042232 0.15913594470046083 0.14328808446455504
0 0.864516129032258 0.7378129713423831 0.1809447004608295 0.2187028657616893
0 0.11961981566820276 0.7051282051282052 0.17258064516129035 0.1885369532428356
2 0.8616129032258064 0.91 0.14350230414746545 0.13072398190045248
2 0.14556451612903226 0.8672699849170438 0.15571428571428572 0.13574660633484162