5 0.5490222772277228 0.4983030303030303 0.16196782178217822 0.49157575757575755
5 0.3915965346534654 0.49493939393939396 0.14965346534653465 0.4983030303030303
6 0.6803465346534654 0.43433333333333335 0.10068069306930692 0.4983030303030303
6 0.25824257425742575 0.4427575757575758 0.1167079207920792 0.42760606060606066
4 0.7772772277227722 0.3939393939393939 0.09108910891089109 0.45790909090909093
4 0.17163366336633665 0.3569090909090909 0.07824257425742574 0.4983030303030303
1 0.8474009900990099 0.35354545454545455 0.05811881188118812 0.3232424242424242
1 0.10907178217821782 0.31481818181818183 0.04939356435643564 0.3602727272727273
3 0.8968935643564357 0.2727272727272727 0.04164603960396039 0.2760909090909091
3 0.06439356435643565 0.228969696969697 0.04253712871287128 0.2222121212121212
0 0.9457054455445545 0.17339393939393938 0.051287128712871284 0.2727272727272727
0 0.024517326732673265 0.1919090909090909 0.039801980198019796 0.21548484848484847
5 0.5153465346534654 0.760939393939394 0.07811881188118812 0.25587878787878787
5 0.43353960396039604 0.7424242424242424 0.07402227722772277 0.19866666666666669
6 0.34830445544554456 0.7424242424242424 0.09330445544554455 0.23906060606060606
6 0.6012747524752475 0.7626363636363636 0.09320544554455445 0.2996666666666667
4 0.6954579207920791 0.7441212121212122 0.08629950495049506 0.30975757575757573
4 0.2596163366336634 0.734 0.0754579207920792 0.2895757575757576
1 0.784839108910891 0.6986666666666667 0.08422029702970296 0.3063939393939394
1 0.17919554455445544 0.702030303030303 0.09061881188118812 0.3063939393939394
3 0.8480816831683168 0.6144848484848485 0.0375 0.1919090909090909
3 0.1159529702970297 0.5858484848484848 0.046646039603960396 0.16836363636363638
0 0.8982673267326732 0.5235757575757576 0.05814356435643564 0.22557575757575757
0 0.06783415841584159 0.46633333333333327 0.04940594059405941 0.24578787878787878
2 0.9422648514851485 0.39899999999999997 0.04440594059405941 0.17845454545454545