5 0.5906338028169015 0.11886191198786039 0.12036217303822938 0.17704097116843703
5 0.4690945674044265 0.09863429438543247 0.11873239436619717 0.17197268588770864
6 0.36180080482897387 0.14541729893778452 0.09195171026156942 0.15933232169954475
6 0.6786418511066399 0.16566009104704096 0.10524144869215292 0.15427921092564492
4 0.28803822937625756 0.22382397572078908 0.10874245472837023 0.17955993930197267
4 0.7389939637826961 0.26934749620637327 0.10857142857142857 0.15933232169954475
1 0.24780684104627765 0.37177541729893776 0.12552313883299798 0.16186646433990895
1 0.7691649899396378 0.41097116843702575 0.12532193158953722 0.14921092564491653
3 0.2075754527162978 0.5146737481031867 0.12554325955734408 0.12898330804248861
3 0.7951509054325956 0.5450227617602428 0.1303420523138833 0.12393019726858877
0 0.18074446680080483 0.6828528072837633 0.15237424547283704 0.2174962063732929
0 0.8085613682092556 0.7068740515933232 0.15045271629778673 0.20485584218512898
2 0.14637826961770622 0.8826555386949924 0.15071428571428572 0.1922154779969651
2 0.8278370221327968 0.9003490136570562 0.15212273641851107 0.18209408194233687