5 0.6223652173913043 0.5301384083044983 0.1565217391304348 0.36826989619377165
5 0.46273043478260867 0.5190311418685121 0.16024347826086957 0.37567474048442906
5 0.5596347826086957 0.7921453287197232 0.09316521739130434 0.15570934256055363
5 0.46335652173913044 0.78719723183391 0.08944347826086957 0.15570934256055363
6 0.32485217391304344 0.47207612456747405 0.11304347826086956 0.32626297577854674
6 0.7583826086956522 0.4906228373702422 0.11304347826086956 0.37321799307958475
6 0.35838260869565214 0.7451903114186852 0.10558260869565217 0.2150173010380623
6 0.662104347826087 0.7748442906574394 0.08446956521739131 0.11615916955017301
4 0.7583826086956522 0.7538408304498271 0.09316521739130434 0.2570588235294118
4 0.2571478260869565 0.6944982698961938 0.09193043478260869 0.29166089965397923
4 0.21490434782608694 0.39422145328719727 0.10434782608695652 0.3138754325259515
4 0.8490608695652173 0.42262975778546713 0.07328695652173914 0.2669204152249135
1 0.1279478260869565 0.35961937716262976 0.06956521739130435 0.26446366782006925
1 0.16770434782608698 0.6005882352941176 0.07949565217391305 0.20761245674740483
1 0.8428521739130435 0.6339446366782007 0.06335652173913044 0.1606574394463668
3 0.0627304347826087 0.2891695501730104 0.05838260869565218 0.2521107266435986
3 0.09193043478260869 0.5326297577854672 0.06956521739130435 0.2002076124567474
3 0.908695652173913 0.35712802768166085 0.043478260869565216 0.22491349480968859
3 0.9 0.5523875432525951 0.048452173913043475 0.1606574394463668
0 0.9434782608695652 0.29166089965397923 0.02608695652173913 0.18290657439446367
0 0.01925217391304348 0.21750865051903115 0.02608695652173913 0.14335640138408304
0 0.03601739130434783 0.4102768166089965 0.0472 0.10875432525951557