5 0.5812195121951219 0.371 0.1439430894308943 0.42579999999999996
5 0.43833333333333335 0.371 0.14398373983739837 0.44520000000000004
6 0.6966260162601626 0.40159999999999996 0.08947154471544716 0.4032
6 0.31902439024390244 0.4129 0.09422764227642276 0.4
4 0.7779268292682927 0.4532 0.08422764227642277 0.4355
4 0.2410162601626016 0.4629 0.07983739837398374 0.4226
1 0.8421544715447153 0.5194 0.04756097560975609 0.3677
1 0.17479674796747968 0.5113 0.052317073170731705 0.39030000000000004
3 0.8801626016260163 0.5726 0.03182926829268293 0.3323
3 0.1334959349593496 0.5645 0.03268292682926829 0.3419
0 0.9017886178861789 0.6629 0.027926829268292683 0.2742
0 0.0994308943089431 0.5871 0.03532520325203252 0.3677