5 0.5696291718170581 0.375993265993266 0.15215080346106305 0.4901010101010101
5 0.41171817058096416 0.37037037037037035 0.16044499381953028 0.48632996632996633
6 0.2819530284301607 0.36848484848484847 0.09870210135970334 0.4227609427609428
6 0.6945982694684796 0.375993265993266 0.09442521631644005 0.4377104377104377
4 0.786600741656366 0.35353535353535354 0.09164400494437577 0.5050505050505051
4 0.18927070457354758 0.3423232323232323 0.08912237330037082 0.45265993265993265
1 0.8635105067985167 0.30676767676767674 0.06766378244746601 0.39656565656565657
1 0.11855377008652657 0.3123905723905724 0.07129789864029666 0.34043771043771043
3 0.9019653893695921 0.2768350168350168 0.062187886279357237 0.32922558922558925
3 0.06294190358467244 0.28245791245791246 0.05072929542645241 0.22821548821548823
0 0.9445241038318912 0.23006734006734006 0.04847960444993819 0.22821548821548823
0 0.014672435105067985 0.2637373737373737 0.029332509270704573 0.12346801346801348
5 0.5270704573547589 0.7818855218855219 0.08899876390605686 0.3591582491582492
5 0.43369592088998765 0.78003367003367 0.08629171817058097 0.3254882154882155
6 0.615636588380717 0.7650505050505051 0.08484548825710754 0.3628956228956229
6 0.3430655129789864 0.751952861952862 0.09456118665018541 0.35164983164983166
4 0.7062669962917182 0.7332659932659933 0.09030902348578493 0.3367003367003367
4 0.25037082818294193 0.7332659932659933 0.09046971569839307 0.35164983164983166
1 0.7941532756489493 0.7033333333333333 0.08478368355995056 0.2768350168350168
1 0.17760197775030903 0.7014478114478115 0.08775030902348578 0.2805723905723906
3 0.8456489493201483 0.6285185185185185 0.05592088998763906 0.2469023569023569
3 0.12678615574783683 0.6079461279461279 0.0658096415327565 0.24316498316498317
0 0.9033250927070456 0.5087878787878788 0.07238566131025959 0.26936026936026936
0 0.06636588380716935 0.5218855218855218 0.07955500618046972 0.2356902356902357