5 0.5977054515866559 0.342809364548495 0.14480065093572012 0.36789297658862874
5 0.4499104963384866 0.34698996655518394 0.1502766476810415 0.3595317725752508
6 0.31636289666395445 0.34419732441471573 0.11100895036615135 0.32608695652173914
6 0.7258584214808788 0.33724080267558526 0.10879576891781938 0.33444816053511706
4 0.8180471928397071 0.30797658862876254 0.07358014646053702 0.32608695652173914
4 0.21467860048820178 0.314933110367893 0.08934906427990236 0.29543478260869566
1 0.8817737998372661 0.2828929765886287 0.06004068348250611 0.22018394648829429
1 0.1414646053702197 0.2801003344481605 0.05683482506102522 0.24247491638795987
3 0.9251586655817737 0.24247491638795987 0.032945484133441824 0.17837792642140468
3 0.09265256305939788 0.2355016722408027 0.04058584214808788 0.197876254180602
0 0.9651586655817739 0.19091973244147156 0.05058584214808788 0.17558528428093645
0 0.054011391375101706 0.1895150501672241 0.031106590724165988 0.1505016722408027
2 0.022831570382424733 0.10172240802675585 0.02569568755085435 0.1254180602006689
5 0.5970301057770545 0.8375083612040134 0.10005695687550854 0.27035117056856184
5 0.5000813669650123 0.8361204013377926 0.09602115541090318 0.27312709030100335
6 0.4031407648494711 0.7957023411371237 0.10013018714401953 0.2591973244147157
6 0.6987225386493084 0.8012876254180602 0.10001627339300244 0.26476588628762543
4 0.7875264442636289 0.766438127090301 0.07422294548413344 0.3121571906354515
4 0.30620016273393 0.7399665551839465 0.09338486574450773 0.3037959866220736
1 0.8546460537021968 0.6521739130434783 0.07554922701383238 0.26755852842809363
1 0.22349064279902361 0.6716889632107024 0.0852807160292921 0.2619899665551839
3 0.8959967453213996 0.5588127090301004 0.06604556550040684 0.23690635451505015
3 0.16993490642799022 0.5824916387959866 0.07310008136696501 0.2508361204013378
0 0.9373637103336045 0.4584782608695652 0.06820179007323027 0.197876254180602
0 0.12179820992676973 0.49331103678929766 0.07989422294548414 0.20623745819397993
2 0.96379983726607 0.3330602006688963 0.053295362082994305 0.17558528428093645
2 0.07434499593165175 0.37486622073578596 0.06635475996745321 0.17001672240802676