5 0.5432547864506627 0.38962406015037593 0.14029455081001474 0.4101127819548872
5 0.39935198821796764 0.3981578947368421 0.14435935198821795 0.41353383458646614
5 0.516480117820324 0.7638345864661654 0.09480117820324006 0.33150375939849624
5 0.42546391752577317 0.7723684210526315 0.09215022091310751 0.34176691729323305
6 0.28290132547864505 0.39642857142857146 0.09086892488954346 0.382781954887218
6 0.33443298969072166 0.7518796992481203 0.08415316642120765 0.307593984962406
6 0.6630633284241532 0.38962406015037593 0.09608247422680412 0.38962406015037593
6 0.6101914580265095 0.7501879699248121 0.08941089837997054 0.3246616541353383
4 0.20057437407952872 0.36567669172932327 0.07349042709867452 0.382781954887218
4 0.2541237113402062 0.7211278195488722 0.06811487481590574 0.3212406015037594
4 0.69720176730486 0.7108646616541353 0.081340206185567 0.3349248120300752
4 0.7500736377025037 0.3725187969924812 0.07462444771723123 0.34176691729323305
1 0.1369955817378498 0.382781954887218 0.05076583210603829 0.3007518796992481
1 0.18650957290132547 0.6681578947368421 0.06413843888070692 0.29048872180451124
1 0.7708247422680412 0.649360902255639 0.06792341678939617 0.29390977443609023
1 0.8170103092783505 0.35883458646616545 0.05586156111929308 0.3007518796992481
3 0.10017673048600884 0.367406015037594 0.025346097201767306 0.20165413533834586
3 0.12427098674521354 0.6425187969924812 0.06014727540500737 0.2118796992481203
3 0.8377466863033874 0.6305639097744361 0.0652282768777614 0.228984962406015
3 0.8625331369661267 0.3503007518796993 0.03518409425625921 0.228984962406015
0 0.8933136966126656 0.2768421052631579 0.029837997054491902 0.191390977443609
0 0.07273932253313696 0.3007518796992481 0.02936671575846834 0.15721804511278195
0 0.07742268041237113 0.5570676691729324 0.07086892488954344 0.2187218045112782
0 0.8919587628865979 0.517781954887218 0.0772459499263623 0.228984962406015
2 0.0593519882179676 0.38962406015037593 0.04543446244477173 0.12304511278195487
2 0.9254344624447717 0.1794360902255639 0.032533136966126655 0.1811278195488722
2 0.9341384388807069 0.363984962406015 0.05447717231222386 0.19481203007518796