5 0.6020615796519411 0.5214067278287462 0.16970548862115126 0.43119266055045874
5 0.4367737617135207 0.5152905198776758 0.1604016064257028 0.42507645259938837
6 0.2982463186077644 0.4709480122324159 0.11360107095046854 0.42201834862385323
6 0.7432797858099063 0.4602446483180428 0.11477911646586345 0.4434250764525994
4 0.8316331994645247 0.41590214067278286 0.0833467202141901 0.40978593272171254
4 0.2065595716198126 0.40978593272171254 0.08820615796519411 0.43425076452599387
1 0.8898527443105757 0.36850152905198774 0.05258366800535475 0.3149847094801223
1 0.14165997322623827 0.3363914373088685 0.04137884872824632 0.3547400611620795
3 0.9199598393574298 0.28593272171253825 0.021017402945113787 0.25382262996941896
3 0.10618473895582328 0.2798165137614679 0.03203480589022758 0.28440366972477066
2 0.9493975903614459 0.11009174311926606 0.04242302543507363 0.22018348623853212
0 0.07072289156626506 0.21865443425076453 0.04140562248995984 0.22935779816513763
5 0.5699464524765729 0.8211009174311926 0.09744310575635878 0.30275229357798167
5 0.46957161981258366 0.8287461773700305 0.10282463186077644 0.3119266055045872
6 0.3691834002677376 0.8195718654434251 0.09751004016064257 0.3058103975535168
6 0.668326639892905 0.7996941896024465 0.09874163319946454 0.290519877675841
4 0.765368139223561 0.8012232415902141 0.09200803212851406 0.36085626911314983
4 0.2701338688085676 0.8012232415902141 0.10022757697456493 0.3669724770642202
1 0.8450066934404284 0.6834862385321101 0.06386880856760375 0.290519877675841
1 0.18783132530120483 0.6972477064220184 0.07215528781793842 0.27522935779816515
3 0.89855421686747 0.6269113149847095 0.04322623828647925 0.19571865443425077
3 0.13764390896921017 0.6085626911314985 0.05476572958500669 0.19571865443425077
0 0.9326773761713522 0.4938837920489297 0.03386880856760375 0.20489296636085627
0 0.09681392235609103 0.5045871559633027 0.04809906291834003 0.18960244648318042