5 0.2792069392812887 0.40482649842271295 0.14712515489467162 0.47318611987381703
5 0.1491201982651797 0.39958990536277605 0.11001239157372987 0.46268138801261827
6 0.06240396530359356 0.35577287066246055 0.06874845105328377 0.43813880126182964
6 0.41551425030978933 0.39958990536277605 0.12548946716232962 0.46268138801261827
4 0.019045848822800495 0.3522712933753943 0.031598513011152414 0.41009463722397477
4 0.546270136307311 0.40132492113564666 0.1305080545229244 0.487192429022082
1 0.6694919454770756 0.4363722397476341 0.11318463444857498 0.41709779179810724
3 0.7534696406443617 0.4959621451104101 0.099454770755886 0.3470031545741325
0 0.8711648079306071 0.5170031545741325 0.13391573729863693 0.3189589905362776
2 0.9718215613382899 0.45741324921135645 0.05636926889714994 0.2699053627760252
5 0.2778438661710037 0.6852365930599369 0.07311028500619579 0.27690851735015776
5 0.20625774473358116 0.6870031545741325 0.06731102850061958 0.27340694006309146
6 0.1415613382899628 0.6729652996845427 0.05633209417596035 0.2593690851735016
6 0.3693804213135068 0.7220504731861198 0.10442379182156133 0.32246056782334387
4 0.08374225526641883 0.6606940063091482 0.04809169764560099 0.21381703470031546
4 0.478822800495663 0.716782334384858 0.11126394052044611 0.4030914826498423
1 0.5924039653035935 0.7483280757097792 0.115910780669145 0.41009463722397477
3 0.6963320941759604 0.7781388012618297 0.08978934324659231 0.3575078864353312
0 0.8085254027261463 0.7991482649842272 0.14076827757125154 0.32946372239747634
2 0.9399504337050805 0.7360567823343849 0.12008674101610904 0.3014511041009464