5 0.5649832214765101 0.3875094339622641 0.1145973154362416 0.37445283018867925
5 0.44949664429530195 0.3904150943396226 0.11850671140939596 0.36864150943396223
6 0.35013422818791945 0.36720754716981135 0.07724832214765101 0.34543396226415096
6 0.6624328859060403 0.3657358490566038 0.07771812080536913 0.3193207547169811
4 0.7320973154362416 0.34543396226415096 0.06162751677852348 0.3250943396226415
4 0.28110738255033557 0.35992452830188676 0.06050335570469799 0.33090566037735847
1 0.7792114093959732 0.333811320754717 0.0326006711409396 0.26124528301886796
1 0.2327181208053691 0.36139622641509433 0.03600671140939597 0.2641509433962264
3 0.8108221476510067 0.31350943396226416 0.02615771812080537 0.2438490566037736
3 0.20238255033557048 0.34252830188679245 0.026979865771812078 0.24962264150943397
0 0.8411409395973154 0.2438490566037736 0.03261744966442953 0.17415094339622642
0 0.16884228187919462 0.28735849056603774 0.039899328859060404 0.19739622641509436
2 0.8734060402684563 0.19883018867924526 0.035218120805369124 0.1538490566037736
2 0.13335570469798658 0.24528301886792453 0.033456375838926175 0.17705660377358493
5 0.5540268456375839 0.5965283018867925 0.061677852348993284 0.16547169811320755
5 0.48820469798657723 0.6037735849056604 0.06946308724832215 0.18577358490566037
6 0.6198322147651008 0.5849056603773585 0.06941275167785234 0.17124528301886793
6 0.4185234899328859 0.6037735849056604 0.06947986577181207 0.19739622641509436
4 0.6933892617449664 0.5979622641509434 0.07196308724832215 0.2438490566037736
4 0.34562080536912754 0.6183018867924528 0.0733724832214765 0.2322264150943396
1 0.7450167785234899 0.5341132075471697 0.04419463087248322 0.13932075471698113
1 0.286258389261745 0.582 0.04501677852348993 0.1828679245283019
3 0.7830872483221477 0.49347169811320757 0.0326006711409396 0.10449056603773585
3 0.24625838926174498 0.5486037735849056 0.034697986577181206 0.1277358490566038
0 0.8308221476510067 0.4281509433962264 0.05327181208053691 0.14803773584905658
0 0.2004530201342282 0.5181509433962265 0.05666107382550336 0.14222641509433961
2 0.16174496644295303 0.4325283018867925 0.05409395973154363 0.1277358490566038