5 0.5600539811066126 0.4294478527607362 0.18035087719298243 0.4963803680981595
5 0.3803238866396761 0.4294478527607362 0.17912280701754385 0.4963803680981595
5 0.5275438596491229 0.7947546012269938 0.10304993252361673 0.228680981595092
5 0.4189608636977058 0.805920245398773 0.09937921727395412 0.2621165644171779
6 0.2331039136302294 0.4127300613496933 0.11777327935222671 0.4182822085889571
6 0.31345479082321187 0.7738343558282209 0.10673414304993253 0.30395705521472394
6 0.6269230769230769 0.7543251533742331 0.09078272604588393 0.2649079754601227
6 0.6980701754385965 0.40435582822085886 0.09323886639676114 0.4406134969325153
4 0.7943859649122806 0.4127300613496933 0.09937921727395412 0.40714723926380364
4 0.1196221322537112 0.4015644171779141 0.11164642375168692 0.39039877300613496
4 0.20426450742240218 0.7459509202453988 0.10919028340080972 0.3374233128834356
4 0.7189338731443995 0.7557055214723927 0.08588394062078272 0.3234662576687117
1 0.8692172739541161 0.3862269938650307 0.07483130904183537 0.3374233128834356
1 0.04477732793522267 0.37785276073619634 0.06747638326585695 0.2816564417177914
1 0.10550607287449394 0.6832208588957055 0.08342780026990554 0.2621165644171779
1 0.8017408906882592 0.7250306748466258 0.07974358974358975 0.22309815950920248
3 0.8661538461538463 0.6079141104294479 0.049068825910931174 0.17288343558282207
3 0.04477732793522267 0.5995398773006134 0.06256410256410257 0.15616564417177914
3 0.907867746288799 0.3820552147239264 0.051524966261808365 0.228680981595092
0 0.9569365721997302 0.2955828220858896 0.04171390013495277 0.17846625766871166
0 0.9146153846153846 0.560521472392638 0.05275303643724697 0.13386503067484662