5 0.5869184290030212 0.47741666666666666 0.1281117824773414 0.48262499999999997
5 0.45853474320241694 0.4791666666666667 0.13067975830815712 0.48612500000000003
6 0.694546827794562 0.4479166666666667 0.08462235649546829 0.4375
6 0.34652567975830817 0.4479166666666667 0.09045317220543807 0.4375
4 0.7694259818731118 0.4010416666666667 0.0657703927492447 0.4270833333333333
4 0.2634743202416918 0.42012499999999997 0.07537764350453172 0.40279166666666666
1 0.8204078549848943 0.42362500000000003 0.05697885196374622 0.3333333333333333
1 0.19802114803625379 0.4270833333333333 0.055256797583081566 0.31945833333333334
3 0.8612990936555891 0.43574999999999997 0.0431570996978852 0.2604166666666667
3 0.15838368580060422 0.4322916666666667 0.04395770392749245 0.2465416666666667
0 0.8921450151057402 0.41841666666666666 0.03939577039274924 0.21179166666666666
0 0.11622356495468278 0.42883333333333334 0.04270392749244713 0.21179166666666666
2 0.07404833836858006 0.3645833333333333 0.03894259818731118 0.201375
2 0.9254833836858005 0.34199999999999997 0.030589123867069485 0.15625
5 0.5523262839879154 0.7708333333333334 0.07197885196374622 0.25
5 0.47806646525679763 0.7760416666666666 0.07697885196374622 0.2604166666666667
6 0.6303474320241692 0.7482500000000001 0.0770392749244713 0.26737500000000003
6 0.395 0.7604166666666666 0.08199395770392749 0.25695833333333334
4 0.7109063444108762 0.7447916666666666 0.07959214501510574 0.3229166666666667
4 0.30941087613293056 0.7621666666666667 0.0844712990936556 0.31595833333333334
1 0.7744561933534744 0.6996666666666667 0.05066465256797583 0.232625
1 0.23389728096676737 0.6927083333333334 0.06179758308157099 0.29512499999999997
3 0.8166163141993958 0.6614583333333334 0.0368429003021148 0.14929166666666666
3 0.17663141993957704 0.6701250000000001 0.0529607250755287 0.25695833333333334
0 0.860679758308157 0.6354166666666666 0.04944108761329305 0.1875
0 0.13321752265861028 0.6475833333333333 0.05167673716012085 0.204875
2 0.9034592145015107 0.5763750000000001 0.034365558912386705 0.111125
2 0.08978851963746223 0.5902916666666667 0.052794561933534746 0.173625