5 0.604251012145749 0.5153061224489796 0.13869095816464236 0.6428571428571429
5 0.4625641025641026 0.5102040816326531 0.14684210526315788 0.6428571428571429
6 0.7189608636977058 0.47959183673469385 0.08802968960863698 0.6326530612244898
6 0.3404588394062078 0.48214285714285715 0.09426450742240215 0.5969387755102041
4 0.8019298245614035 0.4489795918367347 0.07860998650472335 0.6020408163265306
4 0.2473684210526316 0.4005102040816326 0.08890688259109311 0.6071428571428571
1 0.8612955465587044 0.5 0.04624831309041836 0.4387755102040816
1 0.1778812415654521 0.46938775510204084 0.04979757085020243 0.4387755102040816
3 0.8909851551956816 0.5051020408163265 0.03546558704453442 0.35714285714285715
3 0.13066126855600538 0.4770408163265306 0.04442645074224022 0.4030612244897959
0 0.9382051282051282 0.44642857142857145 0.051673414304993254 0.3520408163265306
0 0.08342780026990554 0.413265306122449 0.049838056680161946 0.35714285714285715
2 0.04767881241565452 0.45408163265306123 0.03500674763832659 0.24489795918367346