5 0.5838617886178862 0.35969999999999996 0.1439430894308943 0.41609999999999997
5 0.4402845528455285 0.3661 0.14792682926829268 0.429
6 0.3203252032520325 0.4081 0.09158536585365853 0.4097
6 0.701869918699187 0.3935 0.08882113821138211 0.3935
4 0.23841463414634145 0.45 0.06934959349593496 0.41609999999999997
4 0.7877235772357724 0.4403 0.07963414634146342 0.4226
1 0.17808943089430895 0.5113 0.05101626016260163 0.41609999999999997
1 0.849349593495935 0.5145000000000001 0.04361788617886179 0.3774
3 0.1374390243902439 0.5613 0.03268292682926829 0.3677
3 0.8873577235772357 0.5774 0.029756097560975612 0.3613
0 0.10467479674796748 0.5645 0.03268292682926829 0.34840000000000004
0 0.9090243902439025 0.65 0.02056910569105691 0.2677