5 0.5864098360655737 0.27056277056277056 0.10899999999999999 0.3823809523809524
5 0.4682622950819672 0.28679653679653677 0.11859016393442623 0.37155844155844153
5 0.5577213114754098 0.6312987012987014 0.07349180327868853 0.23809523809523808
5 0.47986885245901645 0.6349350649350649 0.07624590163934426 0.23809523809523808
6 0.359672131147541 0.284978354978355 0.09542622950819672 0.3174458874458874
6 0.40475409836065573 0.6403463203463203 0.07354098360655738 0.2561471861471862
6 0.6355737704918033 0.6204761904761905 0.07345901639344263 0.27415584415584415
6 0.6868032786885245 0.26696969696969697 0.08845901639344263 0.3246753246753247
4 0.7687704918032787 0.24891774891774893 0.07547540983606557 0.35354978354978356
4 0.26406557377049183 0.2525108225108225 0.08726229508196721 0.3751948051948052
4 0.31937704918032783 0.6836363636363636 0.09132786885245901 0.3643722943722944
4 0.7113934426229508 0.6475324675324676 0.06932786885245902 0.3643722943722944
1 0.820672131147541 0.28320346320346323 0.0509016393442623 0.3427272727272727
1 0.19645901639344263 0.30844155844155846 0.04767213114754098 0.3354978354978355
1 0.2517704918032787 0.6421212121212122 0.07360655737704917 0.26696969696969697
1 0.7762622950819672 0.6168831168831169 0.062475409836065574 0.26696969696969697
3 0.1472950819672131 0.32285714285714284 0.047688524590163935 0.2922077922077922
3 0.1998688524590164 0.6475324675324676 0.06542622950819671 0.2633333333333333
3 0.8186065573770492 0.6204761904761905 0.05154098360655738 0.26696969696969697
3 0.8589180327868854 0.31385281385281383 0.042721311475409834 0.24532467532467533
0 0.09880327868852459 0.3463203463203463 0.04908196721311476 0.2813852813852814
0 0.15001639344262296 0.6421212121212122 0.06681967213114753 0.19480519480519481
0 0.8629999999999999 0.6349350649350649 0.058344262295081974 0.23086580086580086
0 0.9005737704918033 0.3300865800865801 0.0440983606557377 0.27056277056277056
2 0.06055737704918032 0.3427272727272727 0.027245901639344264 0.20922077922077922
2 0.09539344262295081 0.6006493506493507 0.04498360655737705 0.17675324675324675
2 0.9149016393442624 0.6439393939393939 0.041934426229508194 0.19839826839826838
2 0.9401803278688524 0.3409090909090909 0.03045901639344262 0.19121212121212122