5 0.5521387283236994 0.4309006211180124 0.14812138728323698 0.39077639751552795
5 0.4046242774566474 0.4438509316770186 0.14692196531791907 0.3752484472049689
5 0.5172254335260116 0.7220496894409938 0.08309248554913294 0.18633540372670807
5 0.43052023121387284 0.7453416149068323 0.09031791907514451 0.2329192546583851
6 0.2757658959537572 0.45419254658385094 0.10838150289017341 0.29245341614906833
6 0.34140173410404623 0.7388819875776397 0.09031791907514451 0.2769254658385093
6 0.608742774566474 0.7168633540372671 0.09754335260115607 0.2743167701863354
6 0.6803901734104046 0.43608695652173907 0.10596820809248554 0.29245341614906833
4 0.774320809248555 0.3739751552795031 0.08189306358381503 0.3752484472049689
4 0.1830491329479769 0.4451242236024845 0.07466763005780347 0.3002173913043478
4 0.25289017341040465 0.7117080745341614 0.08189306358381503 0.22773291925465838
4 0.7062861271676301 0.7065217391304348 0.0951300578034682 0.25363354037267083
1 0.8447687861271677 0.3946583850931677 0.05660404624277457 0.2665527950310559
1 0.12163294797687861 0.4580745341614907 0.04576589595375723 0.22773291925465838
1 0.18183526011560694 0.671583850931677 0.057803468208092484 0.15270186335403726
1 0.7851589595375723 0.6314596273291926 0.06502890173410404 0.13975155279503104
3 0.8881213872832371 0.37785714285714284 0.034927745664739884 0.20186335403726707
3 0.0891184971098266 0.43996894409937887 0.02167630057803468 0.15009316770186334
3 0.13486994219653178 0.6236956521739131 0.03854046242774567 0.09835403726708075
3 0.8363439306358381 0.592639751552795 0.04696531791907514 0.12422360248447205
0 0.920043352601156 0.3454968944099379 0.02648843930635838 0.14751552795031056
0 0.06021676300578035 0.3985403726708075 0.03371387283236994 0.13975155279503104
0 0.09092485549132948 0.5797204968944099 0.04215317919075145 0.11388198757763976
0 0.8881213872832371 0.5344099378881988 0.054190751445086706 0.11127329192546584