5 0.5697752808988764 0.40661341853035143 0.16314606741573034 0.4821405750798722
5 0.40126404494382023 0.4080830670926518 0.16831460674157303 0.49086261980830664
6 0.7082865168539326 0.36597444089456865 0.1158567415730337 0.4589137380191693
6 0.25637640449438204 0.3572523961661342 0.1211376404494382 0.5111821086261981
4 0.7950983146067416 0.320926517571885 0.09796348314606741 0.4850479233226837
4 0.15234550561797752 0.3688498402555911 0.08925561797752808 0.4937699680511182
1 0.868497191011236 0.3064217252396166 0.04558988764044944 0.3688498402555911
1 0.0859691011235955 0.40952076677316296 0.04588483146067416 0.35434504792332266
3 0.9131882022471911 0.2759105431309904 0.048117977528089884 0.33111821086261983
3 0.047668539325842696 0.35 0.05099719101123596 0.3572523961661342
0 0.9431882022471909 0.18587859424920128 0.036629213483146066 0.29626198083067096
0 0.015758426966292136 0.2991693290734824 0.025477528089887642 0.3194888178913738
2 0.9763764044943819 0.12054313099041533 0.04508426966292135 0.24105431309904155
5 0.5282865168539326 0.7464536741214057 0.09806179775280897 0.2788178913738019
5 0.42488764044943816 0.7580511182108627 0.10064606741573033 0.29626198083067096
6 0.3176544943820225 0.7638658146964856 0.11601123595505618 0.3078594249201278
6 0.6336095505617978 0.7188498402555911 0.10439606741573033 0.28172523961661344
4 0.22064606741573034 0.7667731629392971 0.07775280898876405 0.33111821086261983
4 0.7350983146067416 0.7101277955271565 0.09032303370786517 0.30495207667731633
1 0.8104213483146068 0.6970607028753993 0.057106741573033706 0.2846325878594249
1 0.14595505617977528 0.7551437699680512 0.07139044943820225 0.3078594249201278
3 0.8525561797752809 0.6026837060702875 0.037373595505617974 0.21201277955271566
3 0.09617977528089888 0.670926517571885 0.04588483146067416 0.24977635782747606
0 0.9183005617977529 0.5257188498402556 0.08719101123595506 0.2033226837060703
0 0.04383426966292135 0.6215654952076678 0.07653089887640449 0.23817891373801917
2 0.9648876404494382 0.3470926517571885 0.04508426966292135 0.14233226837060703