5 0.5315979899497488 0.7857142857142857 0.08585929648241207 0.22448214285714285
5 0.4440402010050251 0.7869821428571429 0.08876381909547738 0.22703571428571429
6 0.618462311557789 0.7831607142857143 0.08499497487437185 0.2653035714285714
6 0.354321608040201 0.7716785714285714 0.09023115577889447 0.25255357142857143
4 0.7060100502512563 0.7372500000000001 0.08436180904522612 0.2653035714285714
4 0.2674673366834171 0.7206607142857143 0.08595979899497487 0.28316071428571427
1 0.7713266331658292 0.6607142857142857 0.09438190954773869 0.28060714285714283
1 0.21292462311557792 0.6390357142857143 0.09171859296482412 0.2576607142857143
3 0.814391959798995 0.5714285714285714 0.11446231155778895 0.2653035714285714
3 0.16124623115577888 0.5612321428571428 0.1118391959798995 0.2653035714285714
0 0.8696482412060301 0.4604642857142857 0.1302311557788945 0.26785714285714285
0 0.10596984924623115 0.4515357142857143 0.15061306532663318 0.2857142857142857
2 0.9105628140703518 0.3201607142857143 0.1144321608040201 0.20662499999999998
2 0.06865326633165829 0.27933928571428573 0.11904522613065327 0.21683928571428573