5 0.5600123304562269 0.26047477744807124 0.12437731196054255 0.4286053412462908
5 0.4374106041923551 0.27201780415430266 0.12032059186189889 0.41213649851632045
5 0.5613810110974106 0.6923738872403561 0.07780517879161529 0.3494955489614243
5 0.48467324290998764 0.6874480712166172 0.07510480887792848 0.33958456973293766
6 0.3298890258939581 0.2753115727002967 0.09432799013563502 0.3857566765578635
6 0.4079654747225647 0.6956676557863501 0.08060419235511715 0.3824629080118694
6 0.640838471023428 0.6923738872403561 0.07778051787916153 0.3758753709198813
6 0.6682244143033291 0.27201780415430266 0.08872996300863131 0.3791691394658754
4 0.2442786683107275 0.3198219584569733 0.07382244143033292 0.3560830860534125
4 0.32852034525277435 0.6923738872403561 0.08064118372379779 0.4088427299703264
4 0.7168557336621455 0.6956676557863501 0.06816276202219482 0.4088427299703264
4 0.7538471023427867 0.29014836795252225 0.07636251541307028 0.3692581602373887
1 0.8168680641183724 0.3115727002967359 0.05241676942046856 0.3066172106824926
1 0.18127003699136868 0.34620178041543026 0.05741060419235512 0.30332344213649853
1 0.2579778051787916 0.7088724035608308 0.06011097410604192 0.3429080118694362
1 0.7750801479654748 0.6874480712166172 0.05033292231812577 0.3264094955489614
3 0.8613810110974106 0.33958456973293766 0.037373612823674476 0.2703560830860534
3 0.13880394574599259 0.3676261127596439 0.04919852034525277 0.26706231454005935
3 0.8202836004932182 0.6643620178041543 0.04757090012330456 0.3000296735905045
3 0.2127743526510481 0.6759050445103858 0.04917385943279902 0.2505637982195846
0 0.902478421701603 0.3429080118694362 0.04834771886559803 0.24397626112759643
0 0.08812577065351418 0.37091988130563797 0.051960542540073984 0.25388724035608307
0 0.15935881627620224 0.6528189910979229 0.05741060419235512 0.23080118694362017
0 0.8647965474722565 0.6544807121661721 0.04618988902589396 0.2934421364985163
2 0.0470406905055487 0.33958456973293766 0.0300616522811344 0.2703560830860534
2 0.10045622688039457 0.6181899109792285 0.0656596794081381 0.22750741839762612
2 0.9093094944512947 0.6066468842729971 0.047546239210850806 0.24397626112759643
2 0.9428853267570899 0.33136498516320473 0.03055487053020962 0.23409495548961423