5 0.5715705521472393 0.5035672514619883 0.14966871165644172 0.428859649122807
5 0.4264049079754601 0.5019590643274854 0.1429079754601227 0.4126023391812866
6 0.30100613496932516 0.5133333333333333 0.10750920245398773 0.3703801169590643
6 0.7017668711656443 0.4824561403508772 0.1107239263803681 0.373625730994152
4 0.8074110429447853 0.4321052631578947 0.09577914110429449 0.4548538011695907
4 0.1967361963190184 0.4597076023391813 0.0980122699386503 0.419093567251462
1 0.8857791411042945 0.35576023391812867 0.06445398773006135 0.3606140350877193
1 0.1258527607361963 0.43046783625730994 0.06260122699386503 0.29564327485380115
3 0.930760736196319 0.3265204678362573 0.048110429447852765 0.3021345029239766
3 0.082920245398773 0.41748538011695907 0.053067484662576686 0.2826608187134503
0 0.9736932515337423 0.21280701754385964 0.04403680981595092 0.2631578947368421
0 0.039300613496932514 0.38499999999999995 0.058539877300613496 0.27614035087719296
5 0.5484049079754602 0.8057309941520467 0.09242944785276073 0.29239766081871343
5 0.45299386503067485 0.804093567251462 0.09519018404907975 0.2826608187134503
6 0.3555337423312883 0.7943567251461989 0.09658895705521472 0.2826608187134503
6 0.6479141104294478 0.7878362573099416 0.1005644171779141 0.29564327485380115
4 0.25874846625766873 0.7829824561403508 0.09390184049079754 0.3053801169590643
4 0.7480981595092026 0.7634795321637428 0.09371779141104294 0.33137426900584793
1 0.8298895705521473 0.6968713450292398 0.06915337423312884 0.19169590643274856
1 0.1769693251533742 0.7082456140350877 0.07212269938650306 0.25342105263157894
3 0.8796441717791411 0.6237719298245614 0.060355828220858894 0.19494152046783625
3 0.1292638036809816 0.6578947368421053 0.05577914110429448 0.19818713450292397
0 0.932122699386503 0.5133333333333333 0.06174233128834356 0.16894736842105262
0 0.08155828220858896 0.6335380116959064 0.05852760736196319 0.17543859649122806
2 0.9696073619631902 0.373625730994152 0.052220858895705526 0.14944444444444444
2 0.05361963190184049 0.5425730994152047 0.05171779141104294 0.14944444444444444