5 0.5866608391608391 0.4530434782608696 0.1745104895104895 0.46822134387351777
5 0.4125524475524475 0.46213438735177864 0.17323426573426573 0.44999999999999996
6 0.7359440559440559 0.44086956521739135 0.12134615384615384 0.4256521739130435
6 0.2626398601398601 0.41806324110671933 0.1316083916083916 0.4165217391304348
4 0.8562762237762238 0.38158102766798424 0.11466783216783218 0.42869565217391303
4 0.13826923076923078 0.3481422924901186 0.11687062937062936 0.43478260869565216
1 0.9524125874125874 0.241699604743083 0.07302447552447552 0.28885375494071147
1 0.05423076923076923 0.3207509881422925 0.056398601398601395 0.30707509881422923
3 0.015909090909090907 0.31620553359683795 0.02548951048951049 0.2249802371541502
5 0.5503671328671329 0.7585770750988142 0.09655594405594405 0.25237154150197627
5 0.4481818181818182 0.7631620553359685 0.10734265734265734 0.25541501976284586
6 0.33793706293706294 0.744901185770751 0.11006993006993007 0.24324110671936758
6 0.6559090909090909 0.7281818181818182 0.11129370629370629 0.22193675889328063
4 0.7628146853146853 0.7038735177865613 0.09916083916083916 0.28885375494071147
4 0.2249825174825175 0.7023320158102767 0.11012237762237763 0.3405138339920949
1 0.8582867132867132 0.6156916996047431 0.08643356643356644 0.18545454545454546
1 0.1180944055944056 0.6445849802371542 0.10073426573426573 0.24324110671936758
3 0.915437062937063 0.49711462450592886 0.04744755244755245 0.18545454545454546
3 0.06162587412587413 0.5503162055335968 0.0658041958041958 0.17636363636363636
0 0.9638286713286712 0.4226086956521739 0.05015734265734266 0.1824110671936759
0 0.02263986013986014 0.5107905138339921 0.03624125874125874 0.14592885375494072