5 0.5926919140225179 0.2647314049586777 0.1609109518935517 0.4003099173553719
5 0.4321494370522006 0.2634297520661157 0.15713408393039918 0.3822314049586777
6 0.728300921187308 0.2556818181818182 0.10520982599795292 0.2944214876033058
6 0.28888433981576256 0.24665289256198347 0.126489252814739 0.3228305785123967
4 0.8216888433981576 0.2427685950413223 0.07966223132036847 0.3305785123966942
4 0.18463664278403275 0.23243801652892562 0.08686796315250768 0.3357438016528926
1 0.8843602865916069 0.24923553719008262 0.04898669396110542 0.2505165289256198
1 0.1046878198567042 0.23243801652892562 0.0702763561924258 0.26859504132231404
3 0.9252917093142272 0.23243801652892562 0.03364380757420675 0.14979338842975207
3 0.04328556806550665 0.22985537190082644 0.05238485158648925 0.2066115702479339
0 0.956632548618219 0.18336776859504134 0.027267144319344933 0.17045454545454544
0 0.014298874104401229 0.23632231404958676 0.028607983623336743 0.14204545454545456
5 0.5664687819856705 0.7554338842975207 0.10079836233367452 0.3331611570247934
5 0.46157625383828044 0.7554338842975207 0.10851586489252814 0.327995867768595
6 0.6675435005117708 0.7296074380165289 0.0962231320368475 0.3331611570247934
6 0.3554042988741044 0.7334710743801653 0.10343909928352099 0.31508264462809915
4 0.7589866939611054 0.6921487603305785 0.08410440122824975 0.3202479338842975
4 0.25562947799385877 0.7089462809917355 0.09836233367451382 0.31766528925619836
1 0.8255066530194473 0.6366322314049586 0.07895598771750256 0.2556818181818182
1 0.17119754350051175 0.6288842975206611 0.09327533265097236 0.2660123966942149
3 0.8696519959058342 0.5953099173553719 0.05537359263050154 0.22985537190082644
3 0.10660184237461617 0.5836776859504132 0.0766632548618219 0.22210743801652894
0 0.9061105424769703 0.5320247933884298 0.07201637666325486 0.2066115702479339
0 0.04584442169907881 0.5604338842975206 0.08563971340839305 0.2066115702479339
2 0.9297748208802457 0.4106404958677686 0.07074718526100307 0.1756198347107438
2 0.02067553735926305 0.41710743801652894 0.041340839303991815 0.13171487603305784