5 0.5576 0.12168654173764908 0.08535 0.1460136286201022
5 0.47191249999999996 0.11925042589437819 0.0853875 0.14115843270868825
6 0.3871 0.14236797274275978 0.08363749999999999 0.15819420783645655
6 0.6388375 0.1557580919931857 0.0764 0.1654855195911414
4 0.72455 0.21051107325383303 0.0986 0.18739352640545145
4 0.3031875 0.18374787052810904 0.08723750000000001 0.1825212947189097
1 0.7736624999999999 0.3151618398637138 0.128975 0.16792163543441224
1 0.2514125 0.28229982964224876 0.1301 0.17522998296422487
3 0.8147249999999999 0.445366269165247 0.1504125 0.18495741056218057
3 0.2076625 0.4088586030664395 0.1497625 0.17522998296422487
0 0.8531125 0.6169335604770017 0.18077500000000002 0.25066439522998296
0 0.17195 0.5816524701873935 0.17477499999999999 0.23850085178875638
2 0.8861374999999999 0.8298807495741056 0.1897125 0.24337308347529815
2 0.1487375 0.7994718909710392 0.1890625 0.23606473594548552