5 0.5874907292954265 0.4577358490566038 0.14665018541409147 0.48918238993710694
5 0.43505562422744126 0.43500000000000005 0.1522002472187886 0.49267295597484273
6 0.7158961681087762 0.4122955974842768 0.10744128553770087 0.4682075471698113
6 0.30393077873918417 0.3861006289308176 0.11517923362175526 0.47867924528301886
4 0.8099629171817058 0.3668867924528302 0.08138442521631645 0.4682075471698113
4 0.19682323856613101 0.36339622641509434 0.09873918417799753 0.5171069182389937
1 0.8648825710754018 0.3494025157232704 0.053943139678615575 0.3494025157232704
1 0.11442521631644004 0.32842767295597486 0.07129789864029666 0.36339622641509434
3 0.905389369592089 0.27776729559748425 0.036106304079110016 0.255062893081761
3 0.048516687268232384 0.28827044025157234 0.06309023485784919 0.3039937106918239
0 0.9452163164400493 0.20965408805031446 0.04435105067985167 0.27254716981132077
5 0.5298269468479604 0.7774213836477988 0.09224969097651421 0.29698113207547167
5 0.43164400494437577 0.7651886792452831 0.09632880098887517 0.28650943396226414
6 0.6321260815822002 0.7564779874213836 0.09365883807169344 0.359874213836478
6 0.2950185414091471 0.7197798742138365 0.12237330037082818 0.32842767295597486
4 0.7261928306551299 0.7756918238993711 0.09508034610630409 0.36339622641509434
4 0.19202719406674906 0.6743396226415094 0.0838813349814586 0.36339622641509434
1 0.8072187886279357 0.690062893081761 0.0703955500618047 0.2760377358490566
1 0.10757725587144623 0.590503144654088 0.07972805933250927 0.27254716981132077
3 0.8662546353522868 0.5939937106918238 0.04569839307787392 0.23059748427672955
3 0.04372064276885043 0.515377358490566 0.07009888751545118 0.2271069182389937
0 0.9143139678615574 0.48216981132075476 0.04571075401730531 0.24459119496855347