5 0.5639473684210526 0.3875378787878788 0.13509868421052632 0.4487121212121212
5 0.4248026315789473 0.3875378787878788 0.14021381578947367 0.44287878787878787
6 0.30463815789473686 0.3889772727272727 0.10230263157894737 0.41083333333333333
6 0.6835197368421052 0.3802272727272727 0.09896381578947369 0.41083333333333333
4 0.7657401315789474 0.4006439393939394 0.06863486842105262 0.4166666666666667
4 0.2161019736842105 0.38170454545454546 0.07197368421052631 0.44287878787878787
1 0.8226480263157895 0.42685606060606057 0.04842105263157895 0.32340909090909087
1 0.17055921052631579 0.44579545454545455 0.04922697368421053 0.3496590909090909
3 0.8599671052631579 0.4166666666666667 0.042105263157894736 0.2739015151515152
3 0.13072368421052633 0.39189393939393935 0.04797697368421053 0.35257575757575754
0 0.8960197368421052 0.3889772727272727 0.0484375 0.2593181818181818
0 0.0940296052631579 0.3496590909090909 0.04292763157894737 0.3729545454545454
2 0.9364967105263158 0.3176136363636363 0.04261513157894737 0.30303030303030304
2 0.06495065789473685 0.3569318181818182 0.03029605263157895 0.294280303030303
5 0.5487828947368422 0.7211363636363636 0.09208881578947369 0.30594696969696966
5 0.4640296052631579 0.7138636363636364 0.08200657894736842 0.2971969696969697
6 0.3761184210526316 0.7313636363636364 0.09342105263157895 0.3088636363636364
6 0.6335361842105263 0.708030303030303 0.07435855263157895 0.2913636363636364
4 0.2844078947368421 0.735719696969697 0.08967105263157896 0.3584090909090909
4 0.7163815789473684 0.7124242424242425 0.09330592105263158 0.3350757575757575
1 0.20661184210526318 0.735719696969697 0.063125 0.294280303030303
1 0.7935690789473684 0.7750757575757576 0.05851973684210526 0.3321590909090909
3 0.8308717105263158 0.6745454545454546 0.04208881578947368 0.1718939393939394
3 0.16804276315789474 0.7109469696969697 0.04922697368421053 0.20977272727272728
0 0.8713486842105262 0.6482954545454546 0.057286184210526316 0.1893939393939394
0 0.1250328947368421 0.6993181818181818 0.051776315789473684 0.24477272727272728
2 0.9105592105263158 0.5842045454545454 0.04212171052631579 0.13693181818181818
2 0.08138157894736842 0.6381060606060607 0.05559210526315789 0.17481060606060606