5 0.5850454545454545 0.32172077922077924 0.15259090909090908 0.5194805194805194
5 0.4301212121212121 0.3290909090909091 0.15401515151515152 0.5106168831168831
5 0.5568181818181818 0.7452922077922078 0.09337878787878788 0.32172077922077924
5 0.4693787878787879 0.7482142857142857 0.08377272727272728 0.3276298701298701
6 0.2999848484848485 0.33944805194805194 0.10312121212121213 0.40730519480519484
6 0.3798636363636364 0.7364285714285714 0.09757575757575758 0.3807467532467532
6 0.702121212121212 0.3290909090909091 0.08092424242424241 0.35714285714285715
6 0.6552878787878788 0.7437987012987013 0.09746969696969697 0.40730519480519484
4 0.7888939393939394 0.3615584415584416 0.09262121212121213 0.43389610389610384
4 0.20909090909090908 0.34827922077922074 0.08112121212121212 0.5017857142857143
4 0.28690909090909095 0.7452922077922078 0.08246969696969697 0.4043831168831169
4 0.7468787878787879 0.733474025974026 0.08228787878787878 0.4515909090909091
1 0.8604999999999999 0.3792857142857143 0.051333333333333335 0.32172077922077924
1 0.14506060606060606 0.3969805194805195 0.04946969696969697 0.3807467532467532
1 0.21046969696969697 0.7319805194805195 0.07009090909090909 0.26564935064935064
1 0.8164242424242425 0.7172402597402597 0.056090909090909094 0.2774350649350649
3 0.8997424242424243 0.35714285714285715 0.04996969696969696 0.3364935064935065
3 0.09962121212121212 0.38224025974025977 0.03846969696969697 0.3276298701298701
3 0.1560757575757576 0.7024675324675325 0.03843939393939394 0.22431818181818183
3 0.8632424242424243 0.6729545454545455 0.0368030303030303 0.2597402597402597
0 0.9369242424242424 0.3586038961038961 0.03896969696969697 0.23318181818181816
0 0.06587878787878787 0.363051948051948 0.03434848484848485 0.25383116883116885
0 0.11269696969696968 0.6877272727272727 0.048106060606060604 0.21250000000000002
0 0.9011212121212121 0.6449350649350649 0.043666666666666666 0.22727272727272727
2 0.9341666666666666 0.5608116883116883 0.024378787878787878 0.15347402597402598
2 0.0886060606060606 0.5637662337662337 0.030212121212121214 0.09444805194805195