5 0.58025956284153 0.42526690391459077 0.12401639344262295 0.45195729537366547
5 0.45187158469945354 0.43238434163701067 0.12953551912568306 0.45195729537366547
6 0.3426092896174863 0.40747330960854095 0.08586065573770492 0.4092526690391459
6 0.6915983606557377 0.40391459074733094 0.09592896174863388 0.41637010676156583
4 0.25724043715846995 0.3932384341637011 0.08453551912568306 0.45195729537366547
4 0.7803825136612021 0.34519572953736655 0.0850273224043716 0.49110320284697506
1 0.8479918032786885 0.3185053380782918 0.05091530054644809 0.3807829181494662
1 0.18758196721311476 0.3896797153024911 0.05450819672131147 0.3807829181494662
3 0.8910109289617487 0.2846975088967972 0.038633879781420764 0.3416370106761566
3 0.14183060109289616 0.3594306049822064 0.04222677595628415 0.3487544483985765
0 0.9278825136612022 0.2669039145907473 0.035915300546448085 0.30604982206405695
0 0.09538251366120218 0.3505338078291815 0.050437158469945356 0.3167259786476868
2 0.9572540983606558 0.22419928825622776 0.029098360655737707 0.26334519572953735
2 0.05372950819672131 0.3113879003558719 0.032704918032786884 0.2597864768683274
5 0.5597814207650273 0.7526690391459074 0.07811475409836066 0.3096085409252669
5 0.4832923497267759 0.7758007117437722 0.07215846994535519 0.3487544483985765
6 0.40748633879781415 0.7722419928825622 0.07900273224043716 0.3487544483985765
6 0.6396857923497268 0.7491103202846975 0.07618852459016394 0.3594306049822064
4 0.7236748633879782 0.7402135231316725 0.08299180327868852 0.35587188612099646
4 0.32484972677595625 0.7722419928825622 0.08314207650273224 0.3914590747330961
1 0.7940300546448088 0.6957295373665481 0.06318306010928962 0.27402135231316727
1 0.24972677595628417 0.7259786476868327 0.07224043715846995 0.298932384341637
3 0.8513934426229508 0.6405693950177936 0.049549180327868855 0.2491103202846975
3 0.1855327868852459 0.7099644128113879 0.05860655737704918 0.28113879003558717
0 0.8985109289617487 0.5836298932384342 0.03922131147540984 0.24199288256227758
0 0.13499999999999998 0.6476868327402135 0.06135245901639344 0.2491103202846975
2 0.9306147540983607 0.4822064056939502 0.030450819672131146 0.16725978647686832
2 0.08240437158469946 0.5551601423487544 0.049084699453551914 0.21352313167259787