5 0.6019035846724351 0.3994943820224719 0.1727317676143387 0.49314606741573036
5 0.42887515451174285 0.38702247191011235 0.1673053152039555 0.48688202247191015
5 0.578566131025958 0.803679775280899 0.10957972805933251 0.3089887640449438
5 0.4700865265760198 0.797443820224719 0.10412855377008652 0.3277247191011236
6 0.2901977750309024 0.3698595505617977 0.10969097651421507 0.37140449438202244
6 0.36640296662546357 0.7880898876404494 0.10004944375772558 0.30275280898876405
6 0.6753770086526576 0.75061797752809 0.08070457354758963 0.3464325842696629
6 0.7378491965389369 0.3604775280898877 0.09578491965389369 0.408876404494382
4 0.833300370828183 0.28713483146067414 0.09511742892459828 0.39325842696629215
4 0.1865265760197775 0.28247191011235956 0.0946229913473424 0.3651685393258427
4 0.27578491965389373 0.7147191011235955 0.08635352286773795 0.28713483146067414
4 0.7570828182941903 0.7147191011235955 0.08479604449938194 0.29337078651685394
1 0.8360321384425217 0.6382584269662921 0.06965389369592088 0.2715449438202247
1 0.1933868974042027 0.6195505617977528 0.06990111248454882 0.24657303370786518
1 0.8902843016069222 0.23095505617977527 0.05257107540173053 0.3246067415730337
1 0.1164894932014833 0.22629213483146068 0.04521631644004944 0.30275280898876405
3 0.07323856613102596 0.17323033707865168 0.041112484548825705 0.21536516853932586
3 0.936291718170581 0.1903932584269663 0.04297898640296663 0.2808988764044944
3 0.8820395550061806 0.5539887640449438 0.06276885043263288 0.21536516853932586
3 0.13983930778739184 0.5056179775280899 0.05069221260815822 0.21848314606741573
0 0.093831891223733 0.4057303370786517 0.06032138442521631 0.21848314606741573
0 0.919814585908529 0.43696629213483146 0.05593325092707046 0.16853932584269662