5 0.5469124423963134 0.41801302931596096 0.15076804915514594 0.3963192182410423
5 0.39460829493087557 0.41801302931596096 0.1508294930875576 0.40172638436482083
6 0.2704761904761905 0.3745928338762215 0.09456221198156682 0.3583061889250814
6 0.6691551459293394 0.38273615635179153 0.09313364055299539 0.3583061889250814
4 0.7574654377880184 0.3325081433224756 0.08030721966205838 0.3556026058631922
4 0.18089093701996928 0.34609120521172637 0.08179723502304148 0.36100977198697065
1 0.8131490015360984 0.3365798045602606 0.04642089093701997 0.2334527687296417
1 0.12841781874039937 0.35286644951140067 0.051105990783410146 0.24973941368078176
3 0.8451305683563747 0.31758957654723124 0.03619047619047619 0.20628664495114005
3 0.09258064516129033 0.32843648208469056 0.03319508448540707 0.20628664495114005
0 0.8694470046082949 0.29859934853420195 0.028525345622119815 0.20087947882736157
0 0.06763440860215054 0.29452768729641693 0.021689708141321044 0.18185667752442997
5 0.542442396313364 0.7641042345276874 0.09829493087557604 0.24159609120521172
5 0.44517665130568357 0.7600325732899024 0.0932258064516129 0.24429967426710097
6 0.3491858678955453 0.745114006514658 0.09837173579109064 0.22530944625407168
6 0.6397081413210445 0.7478175895765473 0.09314900153609831 0.24700325732899023
4 0.25895545314900154 0.7424104234527686 0.07665130568356375 0.27416938110749184
4 0.7280184331797235 0.7315309446254072 0.07775729646697388 0.28501628664495116
1 0.7881720430107527 0.6962540716612378 0.07261136712749616 0.27957654723127034
1 0.19625192012288786 0.7125407166123778 0.07411674347158217 0.2578827361563518
3 0.8304147465437789 0.6514657980456026 0.052119815668202764 0.24973941368078176
3 0.1456989247311828 0.6582410423452769 0.05749615975422427 0.23615635179153094
0 0.11305683563748078 0.6093811074918567 0.04087557603686636 0.19273615635179153