5 0.5607872696817421 0.4636150234741784 0.15742881072026801 0.5516431924882629
5 0.387035175879397 0.489037558685446 0.16168341708542713 0.5477230046948357
6 0.6989782244556114 0.5418544600938967 0.11616415410385258 0.5359859154929578
6 0.24399497487437186 0.4851408450704225 0.1212646566164154 0.5477230046948357
4 0.7820184254606365 0.659225352112676 0.07293132328308208 0.3795070422535211
4 0.14979061976549413 0.5809859154929577 0.06965661641541039 0.47340375586854455
1 0.8315577889447237 0.6905399061032864 0.054807370184254606 0.36384976525821594
1 0.092571189279732 0.6416197183098591 0.05293132328308208 0.3364553990610329
3 0.8797068676716917 0.7335680751173709 0.07575376884422111 0.3403755868544601
3 0.04163316582914573 0.6103286384976526 0.04876884422110553 0.26603286384976527
0 0.9480904522613065 0.6983568075117371 0.061825795644891116 0.2934272300469484