5 0.573890625 0.44212962962962965 0.17028125 0.3333333333333333
5 0.40660416666666666 0.45717592592592593 0.16383333333333333 0.32175925925925924
6 0.7151666666666666 0.4097222222222222 0.11227083333333333 0.3194444444444444
6 0.269265625 0.4398148148148148 0.10790625000000001 0.2824074074074074
4 0.8225677083333333 0.3912037037037037 0.10319791666666665 0.35185185185185186
4 0.17293229166666665 0.4710648148148148 0.08451041666666666 0.33101851851851855
1 0.9058802083333333 0.40625 0.06678125 0.2662037037037037
1 0.101984375 0.48842592592592593 0.05198958333333333 0.25925925925925924
3 0.956 0.42476851851851855 0.03685416666666667 0.22453703703703703
3 0.062281249999999996 0.5023148148148148 0.029869791666666666 0.2175925925925926
0 0.9846354166666667 0.4085648148148148 0.023848958333333333 0.21064814814814814
0 0.030385416666666668 0.47337962962962965 0.033791666666666664 0.17824074074074073
5 0.5517760416666667 0.6574074074074074 0.09788020833333334 0.2175925925925926
5 0.4489322916666667 0.6493055555555556 0.09784375000000001 0.22453703703703703
6 0.6591770833333332 0.6400462962962963 0.10963541666666667 0.2662037037037037
6 0.3447864583333333 0.6770833333333334 0.10561458333333333 0.2523148148148148
4 0.7626770833333333 0.6284722222222222 0.103171875 0.36342592592592593
4 0.24649479166666666 0.7060185185185185 0.0990625 0.3055555555555556
1 0.8505520833333333 0.6435185185185185 0.07847395833333333 0.24537037037037038
1 0.16642708333333334 0.6967592592592593 0.06909375 0.2175925925925926
3 0.9188958333333334 0.6435185185185185 0.061578125000000004 0.2037037037037037
3 0.1085 0.6990740740740741 0.04955208333333334 0.14814814814814814
0 0.9746406249999999 0.6134259259259259 0.05071354166666667 0.18055555555555555
0 0.044708333333333336 0.6828703703703703 0.07035416666666668 0.14351851851851852