5 0.5795627644569817 0.3356291390728477 0.16411847672778562 0.4485099337748344
5 0.4173624823695346 0.3266225165562914 0.1577150916784203 0.484635761589404
5 0.5423836389280677 0.7540728476821191 0.08976022566995769 0.37629139072847684
5 0.4513399153737659 0.7540728476821191 0.09488011283497884 0.37629139072847684
6 0.7148377997179125 0.3055298013245033 0.10641748942172073 0.41841059602649006
6 0.2814527503526093 0.295 0.1141184767277856 0.43347682119205294
6 0.3538928067700987 0.7646026490066226 0.10001410437235543 0.3913245033112583
6 0.6372637517630465 0.7555629139072848 0.10258110014104373 0.3793046357615894
4 0.8013822284908321 0.2889735099337748 0.06923836389280677 0.3913245033112583
4 0.18399153737658672 0.30102649006622517 0.08077574047954866 0.4153973509933775
4 0.2679830747531735 0.7495364238410597 0.07180535966149505 0.43347682119205294
4 0.7353455571227081 0.7209602649006622 0.09359661495063469 0.4425165562913907
1 0.8590832157968971 0.27844370860927153 0.043596614950634695 0.3100662251655629
1 0.1327080394922426 0.30705298013245036 0.04744710860366714 0.28294701986754967
0 0.9116502115655853 0.1490066225165563 0.056417489421720736 0.21973509933774835
0 0.07629055007052186 0.19566225165562914 0.060267983074753166 0.2287748344370861
1 0.2057968970380818 0.6818211920529801 0.055133991537376595 0.35218543046357614
1 0.8110014104372355 0.6306291390728477 0.05770098730606488 0.28596026490066223
3 0.16796897038081807 0.5839735099337748 0.043596614950634695 0.2227483443708609
3 0.8417771509167843 0.5448675496688742 0.05 0.21672185430463578
0 0.1211706629055007 0.5072185430463576 0.04744710860366714 0.21374172185430462
0 0.886657263751763 0.4560596026490066 0.06538787023977433 0.2618874172185431
2 0.08976022566995769 0.4078807947019868 0.03334273624823696 0.17158940397350994
2 0.9097320169252469 0.3371523178807947 0.03974612129760226 0.13245033112582782