5 0.5777395577395577 0.42697142857142856 0.14985257985257985 0.47937142857142856
5 0.42625307125307127 0.4349142857142857 0.14717444717444716 0.47619999999999996
6 0.29864864864864865 0.44602857142857144 0.10764127764127765 0.3777714285714286
6 0.7060442260442261 0.4333428571428571 0.10949631449631449 0.39682857142857136
4 0.7988452088452088 0.42857142857142855 0.07678132678132678 0.41268571428571427
4 0.2078992628992629 0.4444571428571429 0.07628992628992629 0.4
1 0.8527518427518427 0.4508 0.06724815724815725 0.2857142857142857
1 0.15057739557739558 0.4714285714285714 0.06812039312039313 0.35237142857142856
3 0.9032432432432432 0.46508571428571427 0.06180589680589681 0.29522857142857145
3 0.10212530712530712 0.46982857142857143 0.05858722358722358 0.2857142857142857
0 0.9366830466830467 0.49365714285714285 0.04680589680589681 0.21905714285714287
0 0.0721007371007371 0.5016 0.04222358722358722 0.2095142857142857
5 0.5490909090909091 0.780942857142857 0.08487714987714988 0.3238
5 0.4610565110565111 0.7777714285714287 0.08847665847665848 0.3174571428571429
6 0.37029484029484033 0.7841142857142857 0.0926044226044226 0.37460000000000004
6 0.6425675675675675 0.7682571428571429 0.09659705159705159 0.3492
4 0.2843243243243243 0.7857142857142857 0.07352579852579853 0.3777714285714286
4 0.7285626535626535 0.7571428571428571 0.07539312039312039 0.3777714285714286
1 0.796117936117936 0.7158857142857143 0.06585995085995086 0.3142857142857143
1 0.2113022113022113 0.7730285714285714 0.06945945945945946 0.3142857142857143
3 0.85002457002457 0.7158857142857143 0.045417690417690414 0.2254
3 0.15262899262899263 0.7523714285714286 0.04765356265356265 0.22857142857142856
0 0.8957371007371008 0.7238 0.05224815724815725 0.22857142857142856
0 0.11168304668304668 0.7269714285714286 0.06404176904176904 0.2095142857142857
2 0.9223464373464373 0.6761999999999999 0.03724815724815725 0.12697142857142857
2 0.08438574938574939 0.6777714285714286 0.03402948402948403 0.1238