5 0.5567597765363128 0.3844135802469136 0.12569832402234637 0.4040432098765432
5 0.4304189944134078 0.39 0.12696927374301675 0.39842592592592596
5 0.5351675977653632 0.7112654320987654 0.07998603351955308 0.2497222222222222
5 0.4551815642458101 0.7070679012345679 0.07998603351955308 0.235679012345679
6 0.6691201117318435 0.3591358024691358 0.09649441340782124 0.35354938271604935
6 0.3225 0.34793209876543213 0.08634078212290502 0.37598765432098763
6 0.6183379888268157 0.6691975308641975 0.08379888268156424 0.35074074074074074
6 0.3732821229050279 0.6762037037037038 0.08125698324022346 0.2805864197530864
4 0.7580027932960894 0.34651234567901235 0.08125698324022346 0.36194444444444446
4 0.23932960893854752 0.33530864197530863 0.0774441340782123 0.3844135802469136
4 0.29266759776536316 0.657962962962963 0.07998603351955308 0.3226851851851852
4 0.7046787709497206 0.6762037037037038 0.08379888268156424 0.37598765432098763
1 0.8316340782122905 0.3128395061728395 0.0660195530726257 0.35074074074074074
1 0.1764804469273743 0.3282716049382716 0.04571229050279329 0.31425925925925924
1 0.21710893854748603 0.6369135802469136 0.06856145251396649 0.21324074074074076
1 0.7833938547486033 0.6397222222222223 0.07110335195530726 0.2974074074074074
3 0.8824301675977654 0.3072530864197531 0.03808659217877095 0.2553395061728395
3 0.14220670391061452 0.2932098765432099 0.022849162011173183 0.2048148148148148
3 0.16822625698324023 0.5779938271604939 0.039357541899441344 0.17395061728395061
3 0.847513966480447 0.600462962962963 0.05459497206703911 0.218858024691358
0 0.11554469273743018 0.218858024691358 0.033016759776536314 0.23009259259259257
0 0.1275977653631285 0.49382716049382713 0.04698324022346369 0.20200617283950617
0 0.9256005586592179 0.24129629629629631 0.04825418994413407 0.24691358024691357
0 0.9071927374301675 0.4994444444444444 0.06729050279329608 0.23009259259259257
2 0.9662290502793297 0.19080246913580248 0.033016759776536314 0.18518518518518517
2 0.09078212290502793 0.1557098765432099 0.01905027932960894 0.17114197530864197
2 0.10664804469273743 0.39 0.033016759776536314 0.11222222222222222
2 0.9567039106145251 0.4194753086419753 0.034287709497206706 0.1318827160493827