5 0.5673671199011124 0.37373737373737376 0.1508034610630408 0.48484848484848486
5 0.4134734239802225 0.3686868686868687 0.15698393077873918 0.494949494949495
5 0.5278121137206427 0.7929292929292929 0.09147095179233622 0.35353535353535354
5 0.4326328800988875 0.7828282828282829 0.08899876390605686 0.3333333333333333
6 0.69221260815822 0.37373737373737376 0.09888751545117429 0.4511784511784512
6 0.2843016069221261 0.3653198653198653 0.09888751545117429 0.43434343434343436
6 0.3430160692212608 0.7626262626262627 0.08776266996291718 0.367003367003367
6 0.619283065512979 0.7794612794612794 0.0865265760197775 0.3265993265993266
4 0.788627935723115 0.3484848484848485 0.09147095179233622 0.5016835016835017
4 0.18974042027194066 0.3383838383838384 0.08776266996291718 0.4478114478114478
4 0.2521631644004944 0.7474747474747475 0.09147095179233622 0.3367003367003367
4 0.7095179233621756 0.7592592592592593 0.09147095179233622 0.31313131313131315
1 0.8646477132262052 0.3063973063973064 0.0630407911001236 0.40404040404040403
1 0.11433868974042027 0.30976430976430974 0.0630407911001236 0.32996632996632996
1 0.1699629171817058 0.7003367003367004 0.07292954264524104 0.26262626262626265
1 0.7954264524103832 0.7255892255892256 0.08034610630407911 0.25252525252525254
3 0.057478368355995055 0.27946127946127947 0.05067985166872682 0.2222222222222222
3 0.12051915945611867 0.6111111111111112 0.07292954264524104 0.25925925925925924
3 0.9066749072929543 0.2845117845117845 0.0580964153275649 0.31313131313131315
3 0.8541409147095179 0.6313131313131313 0.03955500618046971 0.2255892255892256
0 0.9449938195302843 0.23063973063973064 0.048207663782447466 0.23232323232323232
0 0.06427688504326329 0.5252525252525253 0.07169344870210136 0.2222222222222222
0 0.9035846724351051 0.51010101010101 0.06427688504326329 0.2727272727272727