5 0.5546935201401051 0.44496350364963505 0.15732049036777582 0.42952554744525545
5 0.3991243432574431 0.44496350364963505 0.14795096322241683 0.4127007299270073
6 0.2732049036777583 0.4674452554744526 0.09816112084063047 0.2947810218978102
6 0.6833450087565675 0.4702554744525547 0.09728546409807355 0.33970802919708026
4 0.7783012259194396 0.4337591240875912 0.0905954465849387 0.3172262773722628
4 0.18227670753064798 0.44357664233576644 0.08607705779334501 0.3032116788321168
1 0.8523817863397548 0.4281386861313869 0.058283712784588444 0.2610948905109489
1 0.10819614711033275 0.4168978102189781 0.061856392294220665 0.23861313868613138
3 0.9035726795096323 0.3972627737226277 0.039457092819614716 0.24423357664233578
3 0.05567425569176882 0.3326642335766424 0.043029772329246936 0.24423357664233578
0 0.9379159369527145 0.30602189781021893 0.030035026269702274 0.14036496350364963
0 0.024693520140105077 0.23722627737226276 0.024185639229422067 0.13755474452554745
5 0.5419089316987741 0.7481751824817519 0.09402802101576181 0.27233576642335766
5 0.44964973730297725 0.7566058394160584 0.09001751313485114 0.2947810218978102
6 0.35602451838879157 0.743978102189781 0.09679509632224169 0.2751094890510949
6 0.6361821366024518 0.7453649635036496 0.08859894921190893 0.2667153284671533
4 0.7203677758318738 0.706058394160584 0.07914185639229422 0.3004014598540146
4 0.26444833625218916 0.7327372262773723 0.08066549912434326 0.291970802919708
1 0.795814360770578 0.6892335766423358 0.0717338003502627 0.19372262773722626
1 0.1849737302977233 0.6611313868613139 0.07800350262697023 0.16003649635036496
3 0.850367775831874 0.633065693430657 0.051558669001751316 0.14317518248175182
3 0.12436077057793346 0.5979927007299269 0.04569176882661997 0.1291240875912409
0 0.8948161120840631 0.5685036496350365 0.04887915936952714 0.11510948905109489
0 0.08395796847635727 0.5291970802919708 0.043012259194395795 0.12072992700729926
2 0.050280210157618216 0.44357664233576644 0.03493870402802102 0.1122992700729927