5 0.6016093366093366 0.4582210242587601 0.1866830466830467 0.4911590296495957
5 0.41395577395577393 0.4507277628032345 0.19084766584766585 0.5121293800539084
6 0.7565479115479116 0.41628032345013477 0.12044226044226045 0.4671967654986523
6 0.26111793611793616 0.42975741239892185 0.1172113022113022 0.40431266846361186
4 0.8657248157248157 0.3459029649595688 0.09864864864864864 0.470188679245283
4 0.15671990171990172 0.3728571428571429 0.09132678132678133 0.3803504043126685
1 0.9435012285012285 0.28150943396226413 0.05500000000000001 0.32345013477088946
1 0.07824324324324324 0.30398921832884096 0.0626904176904177 0.33242587601078166
3 0.985970515970516 0.2350943396226415 0.028046683046683046 0.3144743935309973
3 0.030479115479115478 0.2500808625336927 0.03814496314496314 0.2605660377358491
5 0.6132309582309583 0.7906469002695418 0.11764127764127764 0.28150943396226413
5 0.49654791154791156 0.7846630727762803 0.1135012285012285 0.28150943396226413
6 0.7251474201474202 0.7442318059299192 0.10676904176904177 0.29649595687331537
6 0.37646191646191646 0.7636927223719676 0.12984029484029483 0.28752021563342317
4 0.8254545454545454 0.7067924528301888 0.0917936117936118 0.32943396226415095
4 0.25771498771498774 0.7322641509433963 0.10796068796068796 0.3384366576819407
1 0.9066584766584767 0.5945013477088948 0.0658968058968059 0.2605660377358491
1 0.1621867321867322 0.6289218328840971 0.08062653562653561 0.25156334231805927
3 0.9571498771498772 0.49865229110512127 0.041363636363636366 0.18269541778975742
3 0.08985257985257986 0.5420754716981132 0.06422604422604422 0.17970350404312668
0 0.034570024570024574 0.43725067385444744 0.05997542997542998 0.1916711590296496
0 0.9878624078624079 0.43725067385444744 0.023624078624078625 0.11380053908355794