5 0.607459324155194 0.1174496644295302 0.15158948685857324 0.20134228187919462
5 0.4510387984981227 0.10786912751677853 0.16058823529411764 0.19654362416107382
6 0.3285982478097622 0.15580536912751677 0.11593241551939924 0.18216442953020134
6 0.7236545682102629 0.18936241610738255 0.12294117647058823 0.17258389261744966
4 0.25261576971214017 0.25647651006711414 0.13563204005006257 0.2109228187919463
4 0.7907133917396746 0.3032046979865772 0.14344180225281603 0.18936241610738255
1 0.19540675844806007 0.4002852348993288 0.14638297872340425 0.17736577181208052
1 0.83090112640801 0.4566107382550335 0.16222778473091365 0.17498322147651008
3 0.15161451814768462 0.5309228187919464 0.15533166458072592 0.17018456375838928
3 0.8630788485607009 0.6076174496644295 0.15505632040050063 0.1414261744966443
0 0.12390488110137672 0.6903187919463087 0.18573216520650815 0.23010067114093957
0 0.8970463078848561 0.7622315436241611 0.18365456821026285 0.2348993288590604
2 0.09262828535669587 0.860503355704698 0.15177722152690862 0.2109228187919463