5 0.5570790816326531 0.3754152823920266 0.1464030612244898 0.42524916943521596
5 0.4072321428571428 0.3770764119601329 0.15029336734693877 0.43521594684385384
6 0.689094387755102 0.36046511627906974 0.1074234693877551 0.4152823920265781
6 0.28225765306122447 0.3637873754152824 0.10187500000000001 0.4019933554817276
4 0.7936607142857143 0.35714285714285715 0.09725765306122448 0.3953488372093023
4 0.18980867346938776 0.33554817275747506 0.08533163265306123 0.3920265780730897
1 0.865076530612245 0.35714285714285715 0.06923469387755102 0.3488372093023256
1 0.13114795918367347 0.33554817275747506 0.05729591836734694 0.32558139534883723
3 0.9160841836734694 0.3438538205980066 0.04883928571428571 0.2823920265780731
3 0.09098214285714286 0.32558139534883723 0.038176020408163265 0.26578073089701
5 0.5354081632653062 0.7890365448504983 0.10051020408163265 0.3953488372093023
5 0.43784438775510204 0.7890365448504983 0.09926020408163265 0.3953488372093023
6 0.3441198979591837 0.7558139534883721 0.09292091836734694 0.38870431893687707
6 0.634234693877551 0.7740863787375415 0.09409438775510204 0.4053156146179402
4 0.732436224489796 0.7475083056478405 0.09660714285714285 0.3588039867109635
4 0.2586734693877551 0.7109634551495017 0.0776530612244898 0.34551495016611294
1 0.8146938775510204 0.7159468438538206 0.08510204081632652 0.31561461794019935
1 0.1878954081632653 0.6644518272425249 0.0764030612244898 0.24584717607973422
3 0.868890306122449 0.6528239202657807 0.06084183673469388 0.23588039867109634
3 0.14772959183673467 0.5664451827242525 0.05219387755102041 0.14285714285714285