5 0.5479274004683841 0.897744479495268 0.09133489461358314 0.12881703470031547
5 0.45524590163934425 0.8924763406940064 0.09722482435597189 0.14458990536277602
6 0.3586651053864169 0.8648738170347003 0.09921545667447307 0.1524763406940063
6 0.6415925058548009 0.8701419558359621 0.09129976580796252 0.14195583596214512
4 0.7176814988290398 0.8123028391167192 0.11468384074941451 0.17350157728706625
4 0.2679274004683841 0.7912776025236593 0.10900468384074942 0.1892744479495268
1 0.7898829039812646 0.6821766561514195 0.11855971896955504 0.1866403785488959
1 0.2093911007025761 0.6519400630914827 0.1168384074941452 0.17350157728706625
3 0.8269555035128806 0.5257570977917981 0.1302576112412178 0.14195583596214512
3 0.18011709601873535 0.49159305993690855 0.13245901639344262 0.14720820189274447
0 0.8454918032786884 0.3417507886435331 0.16731850117096017 0.23659305993690852
0 0.14889929742388758 0.3023186119873817 0.1831967213114754 0.2418454258675079
2 0.8796370023419204 0.14326498422712933 0.1614519906323185 0.17086750788643532
2 0.11085480093676815 0.09727129337539432 0.16955503512880563 0.17350157728706625