5 0.5867200986436498 0.33834123222748813 0.13669543773119605 0.35018957345971563
5 0.4483723797780518 0.34360189573459715 0.13675709001233044 0.35545023696682465
6 0.3264611590628853 0.3264928909952607 0.10392108508014797 0.3264928909952607
6 0.7052157829839704 0.31727488151658767 0.10241676942046855 0.3291232227488151
4 0.8038347718865597 0.2883175355450237 0.09141800246609125 0.36071090047393367
4 0.22852034525277437 0.3001658767772512 0.09436498150431566 0.37388625592417063
1 0.8819235511713933 0.26592417061611373 0.06124537607891492 0.28962085308056873
1 0.15456226880394575 0.2935781990521327 0.056041923551171394 0.2869905213270142
3 0.9326140567200987 0.25540284360189575 0.042872996300863137 0.24748815165876778
3 0.10525277435265104 0.2948815165876777 0.042367447595561034 0.24748815165876778
0 0.9654870530209617 0.25407582938388623 0.031923551171393345 0.22907582938388626
0 0.07374845869297164 0.2922511848341232 0.03415536374845869 0.1895734597156398
5 0.5504315659679407 0.7411848341232227 0.07781750924784217 0.3185781990521327
5 0.47029593094944516 0.7490758293838863 0.08194821208384709 0.3343838862559242
6 0.3805672009864365 0.7530331753554502 0.09431565967940814 0.3422748815165877
6 0.6353514180024661 0.7385545023696682 0.08600493218249075 0.3291232227488151
4 0.7332922318125771 0.6898341232227488 0.10924784217016029 0.31068720379146925
4 0.28194821208384707 0.7398578199052134 0.09982737361282366 0.3791469194312796
1 0.819593094944513 0.6213744075829385 0.07908754623921085 0.23170616113744077
1 0.2018125770653514 0.6779857819905214 0.07930949445129469 0.2922511848341232
3 0.8826017262638717 0.5924170616113744 0.08453760789149199 0.2053791469194313
3 0.14429099876695436 0.6569194312796209 0.060147965474722564 0.2764691943127962
0 0.9531565967940814 0.5726777251184834 0.0730209617755857 0.25540284360189575
0 0.09360049321824906 0.5884597156398105 0.049223181257706534 0.2764691943127962