5 0.6080123456790124 0.35735955056179775 0.1642962962962963 0.5149719101123595
5 0.4441234567901235 0.3760955056179775 0.1657283950617284 0.4962640449438202
6 0.7527283950617284 0.3464325842696629 0.11691358024691359 0.46191011235955054
6 0.2994320987654321 0.3417696629213483 0.126 0.4587921348314607
4 0.860395061728395 0.32146067415730334 0.09638271604938271 0.5118539325842697
4 0.1794320987654321 0.29337078651685394 0.11096296296296296 0.5243539325842697
1 0.9275925925925926 0.3604775280898877 0.06623456790123457 0.3464325842696629
1 0.09440740740740741 0.31679775280898875 0.06711111111111111 0.38390449438202245
3 0.04091358024691358 0.3417696629213483 0.0534074074074074 0.28401685393258425
5 0.49830864197530866 0.7755898876404494 0.10124691358024691 0.3651685393258427
5 0.39749382716049386 0.7615449438202248 0.10539506172839506 0.3745224719101124
6 0.2966913580246914 0.7584269662921348 0.12325925925925926 0.3807865168539326
6 0.6045925925925927 0.7740449438202247 0.11080246913580247 0.3495505617977528
4 0.7108888888888889 0.7615449438202248 0.09841975308641975 0.41199438202247185
4 0.20069135802469137 0.7178651685393258 0.112320987654321 0.35581460674157306
1 0.8055185185185185 0.7272191011235954 0.08466666666666667 0.35581460674157306
1 0.12937037037037039 0.7006741573033708 0.06846913580246913 0.408876404494382
3 0.885074074074074 0.6632303370786518 0.07719753086419753 0.2652808988764045
3 0.08069135802469135 0.6523033707865169 0.06711111111111111 0.3246067415730337
0 0.9623209876543211 0.5836516853932584 0.07535802469135802 0.25592696629213485
0 0.029938271604938272 0.6273314606741573 0.05890123456790124 0.2621629213483146