5 0.61524557956778 0.3945726495726496 0.21579567779960707 0.4985897435897436
5 0.3991748526522593 0.37747863247863245 0.21326129666011787 0.5156837606837607
6 0.7887819253438114 0.41452991452991456 0.13390962671905696 0.4358974358974359
6 0.22371316306483302 0.36752136752136755 0.13998035363457761 0.45585470085470087
4 0.9020628683693517 0.39175213675213677 0.09074656188605107 0.48149572649572653
4 0.09864440078585462 0.3646581196581197 0.10992141453831042 0.4444444444444444
1 0.967524557956778 0.4002991452991453 0.056719056974459725 0.36752136752136755
1 0.023359528487229865 0.3547008547008547 0.043163064833005894 0.3504273504273504
5 0.5707269155206287 0.717948717948718 0.11889980353634579 0.3475641025641026
5 0.4450098231827112 0.7094017094017094 0.11895874263261295 0.3361965811965812
6 0.3107858546168959 0.6709401709401709 0.12292730844793713 0.3162393162393162
6 0.701041257367387 0.7065384615384616 0.10768172888015717 0.3361965811965812
4 0.19227897838899805 0.6738034188034188 0.10856581532416502 0.3162393162393162
4 0.8182514734774067 0.7236324786324787 0.09856581532416503 0.3247863247863248
1 0.8987819253438114 0.7008547008547008 0.06324165029469547 0.2222222222222222
1 0.10585461689587426 0.6481623931623931 0.09027504911591357 0.22508547008547009
3 0.9459135559921416 0.6581196581196581 0.04754420432220039 0.17094017094017094
3 0.0318664047151277 0.6267948717948717 0.05493123772102161 0.23363247863247863
0 0.9806090373280943 0.6396153846153846 0.030530451866404712 0.15098290598290598