5 0.5135807860262008 0.8858218125960061 0.07243449781659388 0.12800307219662058
5 0.44445414847161574 0.8870967741935484 0.06882096069868995 0.13568356374807988
6 0.37168122270742354 0.8730107526881721 0.07975982532751091 0.15872503840245775
6 0.5872598253275109 0.8653302611367129 0.07422489082969431 0.14849462365591398
4 0.28527292576419216 0.8410138248847926 0.09253275109170306 0.15104454685099847
4 0.657292576419214 0.825652841781874 0.09784934497816593 0.16129032258064516
1 0.727325327510917 0.7258064516129032 0.11419213973799126 0.16640552995391705
1 0.2188755458515284 0.7347619047619047 0.10529475982532752 0.16897081413210446
3 0.7718995633187772 0.5952380952380952 0.11962882096069868 0.17153609831029187
3 0.18066593886462884 0.6016436251920123 0.1234934497816594 0.15872503840245775
0 0.14337336244541485 0.4185867895545315 0.15443231441048036 0.2227342549923195
0 0.8110043668122271 0.4160215053763441 0.16873362445414847 0.24321044546851
2 0.8573908296943231 0.19201228878648233 0.15234716157205241 0.2099385560675883
2 0.11336244541484716 0.2073732718894009 0.15263100436681223 0.19969278033794163