5 0.5753310696095076 0.8556919060052219 0.08765704584040747 0.11156657963446474
5 0.4920033955857386 0.860443864229765 0.07534804753820035 0.1210443864229765
6 0.4071307300509338 0.8414360313315926 0.09079796264855687 0.1447780678851175
6 0.6578947368421053 0.8248302872062664 0.0799151103565365 0.13054830287206268
4 0.7242444821731748 0.7441253263707572 0.07062818336162989 0.16853785900783289
4 0.33691001697792866 0.7785378590078329 0.08928692699490663 0.1803916449086162
1 0.7581833616298811 0.612402088772846 0.10764006791171477 0.16616187989556136
1 0.2790322580645161 0.6468146214099216 0.11246179966044141 0.1637859007832898
3 0.785195246179966 0.4616710182767624 0.12769100169779285 0.16853785900783289
3 0.24896434634974532 0.4960835509138381 0.1298132427843803 0.1756396866840731
0 0.8098811544991511 0.272976501305483 0.15546689303904923 0.26109660574412535
0 0.1965025466893039 0.3287467362924282 0.15757215619694398 0.2587206266318538
2 0.8577249575551783 0.1020626631853786 0.14926994906621394 0.2041253263707572
2 0.14091680814940577 0.11986945169712793 0.15726655348047539 0.2349869451697128