5 0.5601711229946524 0.8919418960244649 0.09233155080213903 0.14270642201834863
5 0.4639358288770053 0.9059633027522935 0.09949732620320856 0.11977064220183486
6 0.6546310160427808 0.867737003058104 0.09229946524064171 0.1452599388379205
6 0.3605668449197861 0.8626452599388379 0.10310160427807487 0.12996941896024464
4 0.7499786096256684 0.8078440366972478 0.09760427807486631 0.1732874617737003
4 0.2625454545454545 0.7900152905198776 0.09601069518716578 0.1732874617737003
1 0.8025561497326203 0.6804281345565749 0.11362566844919786 0.203868501529052
1 0.21712299465240642 0.6536697247706422 0.12318716577540108 0.1809327217125382
3 0.838192513368984 0.5338990825688074 0.13143315508021391 0.21151376146788992
3 0.18058823529411763 0.5173241590214067 0.1320855614973262 0.18857798165137615
0 0.8640320855614974 0.3440366972477064 0.15816042780748663 0.24464831804281345
0 0.14316577540106953 0.3555045871559633 0.15701604278074865 0.25229357798165136
2 0.8827486631016043 0.13634556574923548 0.14924064171122994 0.20642201834862386
2 0.11286631016042781 0.13634556574923548 0.14632085561497327 0.22680428134556577