5 0.5582493702770781 0.34615384615384615 0.1407808564231738 0.40583554376657827
5 0.41658690176322416 0.3328912466843501 0.14460957178841308 0.4270557029177719
6 0.29507556675062974 0.3209549071618037 0.09807304785894207 0.3925729442970822
6 0.6778841309823678 0.3448275862068966 0.09540302267002519 0.35543766578249336
4 0.7736020151133501 0.3076923076923077 0.09351385390428212 0.4350132625994695
4 0.20505037783375316 0.2957559681697613 0.08425692695214107 0.44297082228116713
1 0.8434760705289673 0.33421750663129973 0.06709068010075567 0.32360742705570295
1 0.13390428211586902 0.3103448275862069 0.06287153652392947 0.3183023872679045
3 0.8894458438287154 0.34880636604774534 0.055780856423173805 0.3050397877984085
3 0.09487405541561712 0.3196286472148541 0.04525188916876574 0.246684350132626
0 0.9410705289672544 0.33421750663129973 0.06838790931989924 0.2864721485411141
0 0.04953400503778337 0.27586206896551724 0.05283375314861461 0.27586206896551724
2 0.9801007556675063 0.3050397877984085 0.028110831234256926 0.1909814323607427
2 0.011536523929471033 0.23076923076923078 0.023073047858942066 0.1962864721485411
5 0.554471032745592 0.7374005305039788 0.09293450881612092 0.32891246684350134
5 0.4606675062972292 0.7413793103448276 0.09423173803526448 0.33687002652519893
6 0.363073047858942 0.7480106100795756 0.09804785894206548 0.36074270557029176
6 0.650176322418136 0.7572944297082228 0.09541561712846348 0.34748010610079577
4 0.7427329974811083 0.7599469496021221 0.08405541561712845 0.4005305039787798
4 0.268639798488665 0.746684350132626 0.08801007556675063 0.38992042440318303
1 0.8044332493702772 0.7188328912466844 0.07647355163727959 0.3129973474801061
1 0.19434508816120907 0.7294429708222812 0.08047858942065492 0.32891246684350134
3 0.8579471032745593 0.7068965517241379 0.08022670025188917 0.3103448275862069
3 0.13201511335012595 0.6671087533156499 0.07419395465994962 0.26790450928381965
0 0.9114609571788413 0.636604774535809 0.06887909319899244 0.21750663129973474
0 0.07787153652392947 0.6419098143236074 0.07673803526448363 0.27055702917771884
2 0.04008816120906801 0.5013262599469496 0.07172544080604534 0.1856763925729443