5 0.5606955380577427 0.28688524590163933 0.13094488188976378 0.4491803278688525
5 0.42292650918635166 0.27049180327868855 0.13887139107611549 0.46885245901639344
6 0.3061548556430446 0.26229508196721313 0.09430446194225722 0.4
6 0.6742125984251969 0.26721311475409837 0.08821522309711285 0.4557377049180328
4 0.7601574803149607 0.27704918032786885 0.08430446194225721 0.46229508196721314
4 0.21758530183727035 0.26557377049180325 0.08515748031496063 0.38688524590163936
1 0.8218241469816273 0.32786885245901637 0.050223097112860896 0.36065573770491804
1 0.1559317585301837 0.2573770491803279 0.04843832020997375 0.33114754098360655
3 0.8618372703412074 0.3540983606557377 0.0436745406824147 0.28852459016393445
3 0.11984251968503937 0.28524590163934427 0.039265091863517065 0.2819672131147541
0 0.8979265091863518 0.33934426229508197 0.0371259842519685 0.26557377049180325
0 0.08442257217847769 0.2721311475409836 0.039278215223097115 0.25573770491803277
2 0.9221916010498689 0.380327868852459 0.02795275590551181 0.24918032786885247
2 0.05489501312335958 0.24754098360655738 0.03272965879265092 0.23934426229508196
5 0.5311811023622047 0.7442622950819672 0.07979002624671916 0.3540983606557377
5 0.4472047244094488 0.7377049180327869 0.08506561679790026 0.3540983606557377
6 0.3724146981627296 0.7065573770491803 0.07985564304461942 0.3639344262295082
6 0.6072834645669292 0.719672131147541 0.07713910761154856 0.3836065573770492
4 0.6892913385826772 0.7131147540983607 0.0784251968503937 0.4163934426229508
4 0.28843832020997373 0.6885245901639344 0.09300524934383203 0.4262295081967213
1 0.7509711286089239 0.6934426229508197 0.06855643044619422 0.3770491803278688
1 0.21496062992125986 0.659016393442623 0.08253280839895014 0.39344262295081966
3 0.7988582677165355 0.6819672131147541 0.056771653543307085 0.31475409836065577
3 0.17363517060367453 0.6114754098360655 0.05761154855643044 0.3114754098360656
0 0.8526509186351706 0.6737704918032786 0.05940944881889764 0.25245901639344265
0 0.12377952755905511 0.6081967213114754 0.07599737532808398 0.2721311475409836
2 0.8828346456692914 0.6 0.03581364829396325 0.1377049180327869
2 0.09098425196850393 0.5098360655737705 0.03140419947506562 0.14098360655737704