5 0.5548735244519394 0.25410714285714286 0.14630691399662732 0.4313214285714286
5 0.40441821247892074 0.26785714285714285 0.15413153456998316 0.40935714285714286
6 0.2760370994940978 0.2829642857142857 0.10231028667790894 0.3241785714285714
6 0.6806913996627318 0.2761071428571429 0.10534569983136594 0.3598928571428571
4 0.19107925801011805 0.28707142857142853 0.06991568296795952 0.31042857142857144
4 0.7766779089376054 0.3159285714285714 0.08723440134907251 0.3351785714285714
1 0.8505902192242832 0.3365357142857143 0.05613827993254637 0.2555
1 0.13661045531197302 0.27335714285714285 0.0388026981450253 0.29396428571428573
3 0.8940472175379426 0.3282857142857143 0.03669477234401349 0.21153571428571427
3 0.10549747048903879 0.27335714285714285 0.02585160202360877 0.23900000000000002
0 0.9238617200674537 0.25960714285714287 0.023743676222596963 0.23349999999999999
0 0.08797639123102867 0.20603571428571427 0.019376053962900507 0.17582142857142857
2 0.9413827993254638 0.1977857142857143 0.02763912310286678 0.2087857142857143
5 0.5347723440134907 0.7321428571428571 0.09313659359190556 0.2884642857142857
5 0.4413996627318718 0.7225357142857143 0.09836424957841483 0.29121428571428576
6 0.3519055649241147 0.7183928571428572 0.0854131534569983 0.31042857142857144
6 0.6288026981450253 0.74725 0.09440134907251264 0.32967857142857143
4 0.7202360876897134 0.7761071428571429 0.08268128161888702 0.40935714285714286
4 0.2779763912310287 0.7142857142857143 0.08284991568296797 0.34614285714285714
1 0.7883305227655987 0.74175 0.06839797639123103 0.2857142857142857
1 0.2196121416526138 0.6936785714285714 0.06731871838111299 0.2555
3 0.8427993254637436 0.6950714285714286 0.07097807757166948 0.27471428571428574
3 0.18524451939291736 0.6428571428571429 0.050472175379426644 0.21978571428571428
0 0.8817032040472176 0.6002857142857143 0.07096121416526138 0.261
0 0.14244519392917368 0.5782857142857143 0.06086003372681282 0.2170357142857143
2 0.9310118043844857 0.49724999999999997 0.05097807757166948 0.23625000000000002
2 0.12364249578414839 0.4587857142857143 0.04919055649241147 0.12089285714285715