5 0.5177649006622517 0.7957971014492754 0.11740066225165563 0.21608695652173912
5 0.4048841059602649 0.827391304347826 0.11137417218543046 0.2318840579710145
6 0.6381622516556291 0.8050144927536232 0.12041390728476822 0.21344927536231884
6 0.30554635761589405 0.7905217391304349 0.12943708609271523 0.22660869565217392
4 0.7254635761589404 0.7127826086956521 0.1354635761589404 0.28194202898550724
4 0.23403973509933776 0.6903768115942029 0.1369701986754967 0.27930434782608693
1 0.8263079470198675 0.5480869565217391 0.1475 0.28457971014492756
1 0.1587913907284768 0.5059420289855073 0.14298013245033112 0.25823188405797104
3 0.8639403973509935 0.3227826086956522 0.18061258278145695 0.27142028985507244
3 0.13998344370860927 0.2872173913043478 0.1625496688741722 0.23715942028985507
0 0.9056291390728477 0.13571014492753622 0.18874172185430463 0.26614492753623187
0 0.1196523178807947 0.10014492753623187 0.19716887417218543 0.18971014492753624