5 0.5530981067125645 0.37101769911504423 0.15197934595524956 0.4152654867256637
5 0.4061617900172117 0.36588495575221236 0.14407917383820998 0.439070796460177
6 0.28239242685025817 0.36761061946902657 0.10044750430292598 0.3471681415929203
6 0.680843373493976 0.35398230088495575 0.0976592082616179 0.37442477876106195
4 0.768881239242685 0.3114159292035398 0.07578313253012048 0.4458849557522124
4 0.20230636833046473 0.3505752212389381 0.05679862306368331 0.39482300884955757
1 0.820499139414802 0.36420353982300885 0.049328743545611016 0.29951327433628316
1 0.15796901893287435 0.3846017699115044 0.04753872633390706 0.26548672566371684
3 0.8522719449225473 0.37101769911504423 0.030808950086058516 0.26548672566371684
3 0.12819277108433735 0.40504424778761067 0.025060240963855424 0.21101769911504423
0 0.8794148020654045 0.36761061946902657 0.024199655765920827 0.18380530973451328
5 0.5325817555938038 0.6466814159292036 0.09240963855421687 0.2723008849557522
5 0.4405851979345955 0.6603097345132742 0.09376936316695353 0.3063274336283186
6 0.34791738382099824 0.6569026548672566 0.09380378657487091 0.31995575221238937
6 0.6278829604130809 0.6653982300884955 0.09767641996557659 0.30973451327433627
4 0.7172461273666093 0.6637168141592921 0.07777969018932875 0.40845132743362833
4 0.2625473321858864 0.6807522123893806 0.07662650602409639 0.4016371681415929
1 0.7814457831325301 0.6160619469026548 0.04996557659208262 0.26548672566371684
1 0.20430292598967298 0.645 0.039586919104991396 0.2484513274336283
3 0.8218244406196213 0.6177876106194691 0.028158347676419965 0.20079646017699115
3 0.16524956970740104 0.6279646017699114 0.035628227194492254 0.1803982300884956
0 0.851617900172117 0.5922566371681416 0.0321342512908778 0.1565486725663717