5 0.5861666666666667 0.3219805194805195 0.15375757575757576 0.5032467532467533
5 0.4327878787878788 0.32737012987012987 0.15507575757575756 0.5194805194805194
6 0.7080151515151516 0.326038961038961 0.08487878787878789 0.35983766233766235
6 0.3033939393939394 0.33685064935064934 0.10083333333333333 0.40853896103896103
4 0.7919545454545456 0.35714285714285715 0.08618181818181818 0.44912337662337665
4 0.21377272727272728 0.3530844155844156 0.08319696969696969 0.48970779220779226
1 0.8607575757575758 0.37743506493506496 0.04959090909090909 0.3219805194805195
1 0.15001515151515152 0.39636363636363636 0.056712121212121214 0.37607142857142856
3 0.900530303030303 0.3585064935064935 0.05087878787878788 0.31655844155844154
3 0.10521212121212122 0.3787987012987013 0.04284848484848485 0.31925324675324673
0 0.9396515151515151 0.3585064935064935 0.053409090909090906 0.2353896103896104
0 0.06671212121212121 0.3612012987012987 0.046636363636363636 0.2570454545454546
5 0.5603030303030303 0.7156493506493506 0.09239393939393939 0.3814935064935065
5 0.4706666666666666 0.7183441558441559 0.08183333333333333 0.3652597402597403
6 0.3804090909090909 0.7237662337662337 0.0982878787878788 0.38691558441558443
6 0.6587575757575758 0.7413311688311689 0.09439393939393939 0.40584415584415584
4 0.29519696969696974 0.7426948051948052 0.09706060606060607 0.41938311688311686
4 0.749030303030303 0.74 0.083 0.4572402597402598
1 0.8108939393939395 0.7061688311688312 0.06598484848484848 0.2922077922077922
1 0.21440909090909088 0.712922077922078 0.061742424242424244 0.2840909090909091
3 0.8588636363636364 0.6737012987012987 0.05337878787878787 0.25431818181818183
3 0.16012121212121214 0.6953571428571428 0.04156060606060606 0.2326948051948052
0 0.8979999999999999 0.6398701298701299 0.05086363636363636 0.21915584415584416
0 0.11972727272727272 0.6642207792207793 0.0541969696969697 0.2353896103896104
2 0.9358636363636363 0.560064935064935 0.03068181818181818 0.16775974025974028
2 0.09448484848484848 0.5641233766233766 0.03401515151515151 0.11094155844155845