5 0.5333245382585752 0.41009463722397477 0.1316490765171504 0.45425867507886436
5 0.4014116094986807 0.42113564668769715 0.12906332453825858 0.43217665615141954
6 0.650712401055409 0.38485804416403785 0.09994722955145119 0.39747634069400634
6 0.29259894459102903 0.3659305993690852 0.08558047493403695 0.4353312302839117
4 0.7450263852242744 0.35646687697160884 0.08277044854881267 0.416403785488959
4 0.20751978891820583 0.34858044164037855 0.08692612137203166 0.444794952681388
1 0.8202110817941953 0.3312302839116719 0.06163588390501319 0.3911671924290221
1 0.14158311345646438 0.3501577287066246 0.04211081794195251 0.34069400630914826
3 0.8716622691292877 0.3138801261829653 0.03862796833773087 0.29337539432176657
3 0.10662269129287598 0.3264984227129338 0.024973614775725593 0.2113564668769716
0 0.9171635883905014 0.2476340694006309 0.050514511873350924 0.2744479495268139
0 0.07893139841688654 0.2113564668769716 0.03288918205804749 0.23974763406940064
2 0.9587203166226913 0.18769716088328076 0.028113456464379946 0.2113564668769716
2 0.05320580474934037 0.138801261829653 0.023667546174142483 0.1829652996845426
5 0.51155672823219 0.7397476340694006 0.08548812664907651 0.3438485804416404
5 0.42647757255936675 0.7381703470031545 0.07893139841688654 0.35331230283911674
6 0.5992744063324539 0.7192429022082019 0.08678100263852243 0.39747634069400634
6 0.34339050131926124 0.7082018927444795 0.08687335092348285 0.3501577287066246
4 0.6869920844327176 0.7160883280757098 0.08543535620052771 0.4353312302839117
4 0.258311345646438 0.6908517350157729 0.08295514511873352 0.39747634069400634
1 0.7667941952506596 0.6766561514195584 0.07616094986807387 0.36908517350157727
1 0.18312664907651716 0.6498422712933754 0.06715039577836411 0.277602523659306
3 0.8360422163588391 0.6435331230283912 0.051081794195250656 0.23974763406940064
3 0.131688654353562 0.6230283911671924 0.03815303430079156 0.20504731861198738
0 0.8980474934036939 0.5394321766561514 0.06765171503957784 0.25236593059936907
0 0.09343007915567282 0.5315457413249212 0.04608179419525066 0.24290220820189273
2 0.9494854881266491 0.443217665615142 0.04393139841688654 0.14826498422712933
2 0.06573878627968338 0.40536277602523657 0.0408179419525066 0.1861198738170347