5 0.33508641975308645 0.3944333333333333 0.15890123456790126 0.5222333333333333
6 0.6382098765432099 0.34073333333333333 0.11824691358024692 0.4666666666666667
6 0.1904074074074074 0.36296666666666666 0.12741975308641976 0.45926666666666666
4 0.7438148148148148 0.31296666666666667 0.09085185185185185 0.5222333333333333
4 0.09577777777777778 0.3796333333333333 0.06161728395061728 0.46296666666666664
1 0.8144444444444445 0.32406666666666667 0.05111111111111111 0.32963333333333333
1 0.05188888888888889 0.4 0.04518518518518519 0.34813333333333335
3 0.8542098765432098 0.30186666666666667 0.03192592592592593 0.27776666666666666
3 0.02308641975308642 0.37593333333333334 0.028728395061728394 0.27776666666666666
0 0.9077037037037037 0.2833333333333333 0.06760493827160494 0.2926
2 0.9577530864197531 0.23146666666666665 0.0407283950617284 0.27776666666666666
5 0.4729259259259259 0.6889 0.09987654320987654 0.32593333333333335
5 0.3741851851851852 0.6962999999999999 0.09717283950617284 0.32593333333333335
6 0.26858024691358023 0.7055666666666667 0.10818518518518518 0.33703333333333335
6 0.5785308641975309 0.6907333333333333 0.11081481481481482 0.3222333333333333
4 0.6848271604938272 0.6537000000000001 0.0984320987654321 0.3
4 0.16160493827160494 0.6944333333333333 0.10274074074074074 0.3
1 0.7671358024691358 0.6055666666666666 0.07166666666666666 0.21853333333333333
1 0.09577777777777778 0.6907333333333333 0.08081481481481481 0.24073333333333333
3 0.8309012345679012 0.5555666666666667 0.05385185185185185 0.15556666666666666
3 0.04160493827160494 0.6407333333333334 0.052037037037037034 0.1926
0 0.8864444444444444 0.5277666666666667 0.05798765432098765 0.1889
0 0.01691358024691358 0.5852 0.030111111111111113 0.17036666666666667
2 0.9365061728395062 0.47776666666666673 0.04292592592592593 0.16296666666666668
5 0.49753086419753084 0.3616666666666667 0.16296296296296298 0.5566666666666666