5 0.582534965034965 0.4474703557312253 0.17606643356643356 0.4658498023715415
5 0.4102097902097902 0.45173913043478264 0.17108391608391607 0.46300395256917
5 0.54756993006993 0.7834387351778657 0.10613636363636364 0.20608695652173914
5 0.4420629370629371 0.7905138339920948 0.1023951048951049 0.21458498023715414
6 0.2609965034965035 0.4093675889328063 0.12737762237762237 0.42913043478260865
6 0.3302972027972028 0.7509881422924901 0.11863636363636364 0.24845849802371542
6 0.6562237762237763 0.7594466403162055 0.10863636363636364 0.1976284584980237
6 0.732395104895105 0.4375889328063241 0.12361888111888111 0.4404347826086957
4 0.13736013986013984 0.3373913043478261 0.11987762237762237 0.4319762845849803
4 0.2204020979020979 0.7086561264822134 0.09865384615384615 0.3613833992094862
4 0.7611188811188812 0.7100395256916996 0.10115384615384615 0.30774703557312255
4 0.853513986013986 0.37407114624505927 0.11863636363636364 0.4375889328063241
1 0.9440559440559441 0.24138339920948618 0.06243006993006993 0.313399209486166
1 0.04744755244755245 0.31478260869565217 0.05494755244755245 0.3303162055335968
1 0.11737762237762238 0.6324110671936759 0.1023951048951049 0.2541106719367589
1 0.8616433566433567 0.6225296442687747 0.07743006993006993 0.18916996047430829
3 0.9128321678321678 0.4898418972332016 0.05244755244755245 0.18916996047430829
3 0.05618881118881119 0.5604347826086956 0.06743006993006993 0.16090909090909092
3 0.9846328671328672 0.18916996047430829 0.021223776223776226 0.1976284584980237
0 0.9596678321678321 0.43620553359683795 0.06118881118881119 0.1665612648221344
3 0.01624125874125874 0.31762845849802374 0.032465034965034965 0.22304347826086957
0 0.019982517482517483 0.49407114624505927 0.03746503496503496 0.12422924901185771