5 0.5888811188811188 0.618235294117647 0.1304895104895105 0.691764705882353
5 0.45618881118881116 0.6263235294117647 0.13444055944055944 0.7080882352941176
6 0.7002797202797203 0.5636764705882352 0.09223776223776223 0.5610294117647059
6 0.33384615384615385 0.5691176470588236 0.11248251748251749 0.6372058823529412
4 0.7818531468531469 0.5310294117647059 0.07412587412587412 0.5719117647058823
4 0.2341258741258741 0.5854411764705882 0.0891958041958042 0.5610294117647059
1 0.8381468531468532 0.539264705882353 0.04437062937062937 0.40308823529411764
1 0.17199300699300699 0.5745588235294118 0.06073426573426574 0.4194117647058824
3 0.8776573426573426 0.46029411764705885 0.03272727272727272 0.38676470588235295
3 0.13185314685314686 0.5419117647058824 0.03744755244755245 0.37588235294117645
0 0.9093706293706293 0.4085294117647059 0.02888111888111888 0.3376470588235294
0 0.08590909090909091 0.4738235294117647 0.05171328671328671 0.40308823529411764