5 0.5620454545454545 0.308452380952381 0.14951704545454547 0.4004464285714286
5 0.40776988636363637 0.3260416666666667 0.15085227272727272 0.3869047619047619
6 0.6924715909090909 0.3463095238095238 0.10875 0.3192559523809524
6 0.2805965909090909 0.308452380952381 0.10313920454545454 0.3300892857142857
4 0.7822017045454545 0.35580357142857144 0.07134943181818182 0.4247916666666666
4 0.20055397727272728 0.28407738095238094 0.05927556818181818 0.4166666666666667
1 0.8474005681818183 0.38285714285714284 0.05458806818181818 0.332797619047619
1 0.14051136363636363 0.2976190476190476 0.05541193181818182 0.3300892857142857
3 0.8990340909090908 0.36526785714285714 0.04944602272727273 0.30303571428571424
3 0.09339488636363637 0.28273809523809523 0.041235795454545456 0.2786904761904762
0 0.94421875 0.3300892857142857 0.04171875 0.21645833333333334
0 0.05595170454545455 0.2556845238095238 0.03350852272727273 0.2029166666666667
2 0.9752130681818181 0.26919642857142856 0.02365056818181818 0.1488095238095238
2 0.03142045454545455 0.19479166666666667 0.020596590909090908 0.15151785714285712
5 0.5336505681818182 0.7751488095238095 0.09788352272727273 0.35443452380952384
5 0.4355255681818182 0.7562202380952381 0.09532670454545454 0.34901785714285716
6 0.6330823863636363 0.7697619047619048 0.1035653409090909 0.3706845238095238
6 0.3425710227272727 0.7183333333333334 0.09019886363636363 0.35443452380952384
4 0.7318323863636365 0.7562202380952381 0.10424715909090909 0.44642857142857145
4 0.24963068181818182 0.6480059523809524 0.09309659090909092 0.34901785714285716
1 0.8222159090909091 0.7007440476190476 0.08943181818181818 0.3355059523809524
1 0.17796875 0.5952380952380952 0.07627840909090909 0.292202380952381
3 0.8835511363636364 0.6412202380952381 0.05975852272727273 0.27598214285714284
3 0.13857954545454546 0.5289583333333333 0.05154829545454545 0.1975
0 0.9319602272727273 0.5600595238095238 0.04558238636363637 0.22726190476190475
0 0.09275568181818182 0.49241071428571426 0.05285511363636364 0.12988095238095237
2 0.05401988636363637 0.40991071428571424 0.03737215909090909 0.07845238095238095