5 0.5851748251748251 0.3514376996805112 0.17262937062937064 0.42987220447284347
5 0.4091188811188811 0.3630670926517572 0.17904895104895105 0.4530990415335463
6 0.7218601398601399 0.33980830670926515 0.09565034965034964 0.38920127795527154
6 0.26356643356643356 0.37904153354632586 0.10409790209790211 0.3804792332268371
4 0.821020979020979 0.3253035143769968 0.10331468531468532 0.35434504792332266
4 0.15488111888111888 0.39645367412140575 0.11303496503496503 0.3572523961661342
1 0.8979160839160839 0.3020766773162939 0.053762237762237756 0.29626198083067096
1 0.06462937062937063 0.38773162939297123 0.06731468531468532 0.3223961661341853
3 0.9525874125874126 0.27447284345047923 0.061412587412587406 0.3165814696485623
3 0.023314685314685318 0.4037060702875399 0.04062937062937063 0.261405750798722
5 0.49938461538461537 0.724664536741214 0.10019580419580419 0.3223961661341853
5 0.38688111888111887 0.7507987220447284 0.12439160839160839 0.3688498402555911
6 0.2692867132867133 0.7507987220447284 0.11044755244755244 0.4037060702875399
6 0.6023496503496504 0.7275718849840255 0.10524475524475524 0.39210862619808307
4 0.7072167832167833 0.6883386581469648 0.10647552447552447 0.34853035143769967
4 0.16377622377622378 0.7333865814696486 0.09777622377622378 0.3165814696485623
1 0.7962097902097902 0.6694888178913738 0.07085314685314685 0.3223961661341853
1 0.08051748251748252 0.676741214057508 0.07111888111888112 0.25559105431309903
3 0.8655104895104896 0.6200958466453674 0.07282517482517482 0.28753993610223644
3 0.02244755244755245 0.6506070287539936 0.0448951048951049 0.22654952076677315
0 0.9328811188811189 0.6055910543130991 0.057594405594405595 0.28753993610223644
2 0.9767272727272728 0.5692651757188498 0.040265734265734265 0.23817891373801917