5 0.551509186351706 0.6195286195286195 0.14144356955380577 0.5185185185185185
5 0.41111548556430444 0.622895622895623 0.13888451443569555 0.5117845117845118
6 0.28778215223097114 0.5707070707070707 0.10744094488188977 0.5151515151515151
6 0.6709186351706037 0.5976430976430976 0.0941732283464567 0.48148148148148145
4 0.19725721784776903 0.4882154882154882 0.07335958005249343 0.5656565656565656
4 0.7634383202099738 0.5387205387205387 0.09086614173228345 0.531986531986532
1 0.1336220472440945 0.46296296296296297 0.05370078740157481 0.47474747474747475
1 0.8323097112860893 0.5134680134680135 0.050223097112860896 0.4478114478114478
3 0.08835958005249343 0.41919191919191917 0.03665354330708662 0.45454545454545453
3 0.8788976377952756 0.4377104377104377 0.0410498687664042 0.4983164983164983
0 0.0581758530183727 0.3720538720538721 0.026167979002624672 0.37373737373737376
0 0.9169422572178478 0.35858585858585856 0.0455249343832021 0.5555555555555556