5 0.5960156249999999 0.3298045602605863 0.1806875 0.5456026058631922
5 0.413109375 0.32436482084690554 0.18465625000000002 0.567328990228013
5 0.5485156250000001 0.745114006514658 0.109109375 0.28501628664495116
5 0.43981250000000005 0.7546254071661237 0.11043750000000001 0.2823127035830619
6 0.265359375 0.306742671009772 0.110515625 0.48859934853420195
6 0.33240625 0.7030293159609121 0.098765625 0.30400651465798045
6 0.7444375 0.310814332247557 0.118140625 0.47501628664495116
6 0.6604687499999999 0.7301954397394136 0.10906249999999999 0.3691530944625407
4 0.158609375 0.3121498371335505 0.09753125 0.5103257328990227
4 0.216546875 0.7152442996742672 0.130046875 0.43703583061889245
4 0.786734375 0.7125407166123778 0.13765624999999998 0.44244299674267107
4 0.859 0.27957654723127034 0.105078125 0.5266123778501628
1 0.0805 0.3772964169381107 0.061109375 0.3365798045602606
1 0.128671875 0.6976221498371336 0.079328125 0.26058631921824105
1 0.88828125 0.6854071661237785 0.09334375 0.28501628664495116
1 0.9475312499999999 0.3257328990228013 0.072 0.34745928338762216
3 0.027125 0.34879478827361565 0.04290625 0.2687296416938111
3 0.0570625 0.6351791530944625 0.066328125 0.2660260586319218
3 0.961828125 0.6609771986970684 0.07375000000000001 0.31758957654723124