5 0.5479299999999999 0.08510670731707316 0.11133 0.1448170731707317
5 0.43545 0.09782012195121952 0.11304 0.14989329268292684
6 0.34214 0.13083841463414633 0.09641 0.1448170731707317
6 0.65125 0.13211890243902438 0.09129000000000001 0.14227134146341464
4 0.70792 0.22739329268292682 0.10536 0.17530487804878048
4 0.28048 0.2261128048780488 0.1031 0.16260670731707316
1 0.75458 0.3722103658536585 0.12869999999999998 0.1651371951219512
1 0.23965 0.38490853658536583 0.12476999999999999 0.1651371951219512
3 0.79207 0.505594512195122 0.12372 0.1473628048780488
3 0.20383 0.5132164634146341 0.11646 0.1473628048780488
0 0.8120700000000001 0.6872408536585366 0.14706 0.21596036585365852
0 0.173 0.6834298780487804 0.15478999999999998 0.233734756097561
2 0.13967 0.8676371951219511 0.13147999999999999 0.2108689024390244
2 0.81371 0.8905030487804877 0.13288999999999998 0.19562500000000002