5 0.5442538354253835 0.10508064516129033 0.09355648535564853 0.20040322580645162
5 0.454881450488145 0.11362903225806452 0.0796513249651325 0.21260752688172044
6 0.6273082287308228 0.15518817204301075 0.10295676429567642 0.20771505376344085
6 0.38009762900976285 0.1600806451612903 0.08475592747559275 0.20771505376344085
4 0.6811854951185495 0.2810483870967742 0.12453277545327755 0.22483870967741937
4 0.3122733612273361 0.2639247311827957 0.10885634588563459 0.24927419354838712
1 0.7458437935843794 0.4630913978494624 0.1270850767085077 0.24193548387096775
1 0.23620641562064157 0.4374462365591398 0.1215620641562064 0.22970430107526882
3 0.7870432357043234 0.6671505376344086 0.12582984658298466 0.26881720430107525
3 0.20514644351464437 0.6573924731182796 0.1304463040446304 0.24438172043010753
0 0.1303486750348675 0.8541129032258065 0.17612273361227337 0.28591397849462363
0 0.8738772663877267 0.859005376344086 0.17277545327754532 0.2810483870967742