5 0.5892769440654843 0.3531900452488688 0.15882673942701228 0.3041628959276018
5 0.43015006821282403 0.3632579185520362 0.16192360163710778 0.3041628959276018
6 0.30057298772169166 0.3720361990950226 0.09983628922237382 0.22624434389140272
6 0.7181036834924966 0.3506787330316742 0.09815825375170532 0.24384615384615385
4 0.2103956343792633 0.3946606334841629 0.08016371077762618 0.20613122171945703
4 0.8075306957708048 0.3544570135746606 0.07993178717598909 0.23126696832579186
1 0.8696725784447477 0.3670135746606335 0.05042291950886767 0.17597285067873303
1 0.1414461118690314 0.38588235294117645 0.057448840381991814 0.1885294117647059
3 0.9068076398362893 0.3783257918552036 0.045893587994542975 0.14328054298642534
0 0.9492496589358799 0.3632579185520362 0.05197817189631651 0.1382579185520362
0 0.08461118690313779 0.36576923076923074 0.0529331514324693 0.1382579185520362
5 0.5491268758526603 0.6649095022624434 0.09669849931787175 0.2337782805429864
5 0.44909959072305594 0.6661538461538461 0.10583901773533425 0.24133484162895927
6 0.3452796725784448 0.6724434389140272 0.10132332878581173 0.2689819004524887
6 0.6446111869031378 0.6711990950226244 0.09060027285129604 0.2513800904977376
4 0.2520736698499318 0.6825113122171946 0.08469304229195089 0.22373303167420813
4 0.7317462482946794 0.6598868778280543 0.08603001364256481 0.22373303167420813
1 0.8151023192360164 0.6850226244343891 0.0769031377899045 0.2538914027149321
1 0.19297407912687584 0.6623981900452488 0.06046384720327422 0.14328054298642534
3 0.8802728512960437 0.6749547511312217 0.058690313778990456 0.1985972850678733
0 0.9136152796725784 0.6410180995475113 0.04654843110504774 0.12570135746606334
0 0.13841746248294678 0.6322171945701357 0.07867667121418827 0.1583710407239819
2 0.9477216916780354 0.6033257918552036 0.07836289222373806 0.15585972850678734
2 0.09976807639836288 0.5668778280542986 0.06504774897680764 0.12316742081447964