5 0.5952456140350878 0.4586346863468635 0.14787719298245616 0.3795571955719557
5 0.44549122807017544 0.42568265682656825 0.15163157894736842 0.42435424354243545
5 0.5175438596491229 0.7393357933579336 0.09273684210526316 0.19239852398523985
5 0.40914035087719297 0.7274538745387453 0.08896491228070176 0.18977859778597786
6 0.3201754385964912 0.3795571955719557 0.09398245614035088 0.4533579335793358
6 0.714280701754386 0.41907749077490775 0.08771929824561403 0.39535055350553505
6 0.316421052631579 0.711660516605166 0.09649122807017543 0.21084870848708487
6 0.6159122807017544 0.7551291512915128 0.10150877192982456 0.21878228782287823
4 0.22305263157894736 0.3452767527675277 0.10024561403508772 0.4586346863468635
4 0.21866666666666668 0.7169372693726938 0.09649122807017543 0.28464944649446494
4 0.8038771929824561 0.3887822878228782 0.08896491228070176 0.4296309963099631
4 0.7218070175438597 0.7590774907749078 0.10526315789473684 0.27937269372693724
1 0.878438596491228 0.4032841328413284 0.05764912280701754 0.33210332103321033
1 0.13784210526315788 0.3439483394833948 0.06766666666666667 0.32948339483394834
1 0.13596491228070176 0.6299261992619927 0.06892982456140351 0.2424723247232472
3 0.9266842105263159 0.36372693726937266 0.04135087719298246 0.3162730627306273
3 0.08457894736842106 0.3097047970479705 0.03884210526315789 0.318929889298893
3 0.0814561403508772 0.6207011070110702 0.05263157894736842 0.2978228782287823
1 0.8189298245614035 0.7103321033210332 0.08396491228070176 0.21350553505535055
3 0.8884736842105263 0.677380073800738 0.05764912280701754 0.21612546125461254
0 0.9667894736842106 0.30837638376383764 0.043859649122807015 0.3426568265682657
0 0.05012280701754386 0.31365313653136534 0.030070175438596494 0.23195571955719557
0 0.0382280701754386 0.5877859778597786 0.06140350877192982 0.25830258302583026
0 0.9417368421052631 0.619409594095941 0.056385964912280706 0.19505535055350554
2 0.019421052631578947 0.28202952029520295 0.02882456140350877 0.23723247232472328
2 0.9793157894736843 0.5403321033210332 0.04135087719298246 0.11597785977859779