5 0.5622569832402234 0.18822635135135135 0.11778770949720671 0.16408783783783784
5 0.43858100558659213 0.19667229729729732 0.1226145251396648 0.1906418918918919
6 0.33725139664804465 0.24613175675675678 0.07956424581005586 0.15444256756756758
6 0.662804469273743 0.25217905405405405 0.07625698324022347 0.14719594594594596
4 0.26782122905027933 0.3511148648648649 0.0875754189944134 0.20511824324324326
4 0.7306256983240224 0.33783783783783783 0.1193072625698324 0.18822635135135135
1 0.20558659217877095 0.46935810810810813 0.07164245810055866 0.18097972972972973
1 0.8072290502793297 0.4826182432432432 0.0777877094972067 0.17856418918918918
3 0.2079776536312849 0.6274155405405406 0.14025698324022345 0.13996621621621622
3 0.8000446927374302 0.6358614864864865 0.14641340782122905 0.14238175675675677
0 0.2071731843575419 0.8120101351351351 0.16100558659217876 0.2195945945945946
0 0.829564245810056 0.7975337837837838 0.16395530726256985 0.2292398648648649
2 0.08749720670391062 0.8868243243243243 0.07806703910614525 0.21476351351351353
2 0.8782458100558659 0.9295439189189189 0.15912849162011172 0.14092905405405406