5 0.5337071240105541 0.40580441640378545 0.13432717678100262 0.45025236593059936
5 0.4029683377308707 0.4172555205047319 0.1271240105540897 0.4445110410094637
5 0.5103166226912929 0.7742902208201893 0.08275725593667546 0.2810410094637224
5 0.42635883905013194 0.7757413249211357 0.08515831134564643 0.2667192429022082
6 0.2932321899736148 0.36564668769716085 0.09234828496042216 0.43302839116719244
6 0.34121372031662267 0.7427444794952681 0.08515831134564643 0.31545741324921134
6 0.6512401055408971 0.3799684542586751 0.10073878627968337 0.40435331230283916
6 0.5966622691292875 0.7613880126182966 0.09234828496042216 0.3470031545741325
4 0.2050791556728232 0.3570347003154574 0.08395778364116095 0.4272870662460567
4 0.25725593667546176 0.7069085173501577 0.08275725593667546 0.38141955835962144
4 0.6884168865435357 0.7399053627760253 0.09114775725593668 0.43589905362776027
4 0.7429815303430078 0.3641955835962145 0.08515831134564643 0.4187066246056782
1 0.8191424802110817 0.3283596214511041 0.06956464379947229 0.39861198738170345
1 0.13852242744063326 0.34271293375394324 0.0491688654353562 0.3527444794952681
1 0.18109498680738786 0.6638801261829652 0.06956464379947229 0.2953943217665615
1 0.7717678100263852 0.6925867507886436 0.07315303430079156 0.32406940063091483
3 0.8719129287598945 0.30971608832807573 0.03597625329815304 0.286782334384858
3 0.10254617414248021 0.31545741324921134 0.02278364116094987 0.22943217665615143
3 0.12952506596306068 0.6237539432176655 0.03837730870712401 0.19788643533123026
3 0.8359366754617414 0.6509779179810726 0.052770448548812667 0.24662460567823347
0 0.9162928759894459 0.2480757097791798 0.050369393139841685 0.28391167192429023
0 0.07974934036939314 0.21652996845425868 0.034775725593667546 0.2437539432176656
0 0.0899472295514512 0.5448895899053627 0.045580474934036934 0.22943217665615143
0 0.8976912928759895 0.5477602523659305 0.07315303430079156 0.2638485804416404
2 0.05397097625329815 0.14482649842271292 0.019195250659630608 0.19214511041009463
2 0.06716358839050131 0.4187066246056782 0.031187335092348285 0.1605993690851735
2 0.9570580474934037 0.1935646687697161 0.033575197889182055 0.19214511041009463
2 0.9528627968337731 0.44738170347003153 0.0395778364116095 0.15485804416403787