5 0.5723152709359606 0.3013276836158192 0.1310591133004926 0.3264406779661017
5 0.4409852216748768 0.3028813559322034 0.13110837438423645 0.34211864406779663
6 0.32742610837438424 0.28562146892655366 0.0928448275862069 0.31387005649717514
6 0.6892980295566503 0.2966101694915254 0.09408866995073892 0.29189265536723163
4 0.23235221674876846 0.26364406779661015 0.0942487684729064 0.35782485875706216
4 0.7802955665024631 0.26522598870056496 0.07970443349753695 0.33584745762711865
1 0.8500615763546798 0.26364406779661015 0.05509852216748769 0.3013276836158192
1 0.154371921182266 0.27307909604519776 0.06145320197044335 0.3201412429378531
3 0.8945197044334976 0.26677966101694917 0.0345935960591133 0.26994350282485874
3 0.10306650246305418 0.2777683615819209 0.04641625615763546 0.27935028248587573
0 0.932832512315271 0.26364406779661015 0.04282019704433498 0.20714689265536723
0 0.05449507389162562 0.24483050847457627 0.050541871921182265 0.23853107344632768
2 0.9642980295566502 0.1898870056497175 0.020935960591133004 0.1726271186440678
2 0.016194581280788177 0.1977401129943503 0.025923645320197045 0.18833333333333332
5 0.5435960591133004 0.739180790960452 0.08182266009852217 0.34211864406779663
5 0.45809113300492615 0.7375988700564973 0.08869458128078818 0.3452542372881356
6 0.364371921182266 0.7344632768361582 0.09556650246305418 0.35152542372881357
6 0.6373029556650246 0.7203389830508474 0.09410098522167487 0.34838983050847455
4 0.7255541871921182 0.7062146892655368 0.07901477832512314 0.38293785310734463
4 0.2733866995073892 0.7328813559322034 0.08603448275862069 0.3860734463276836
1 0.7898645320197044 0.6575706214689265 0.06875615763546798 0.3107344632768362
1 0.20156403940886697 0.6748305084745763 0.07100985221674877 0.2887570621468927
3 0.8425369458128079 0.6120621468926554 0.06467980295566503 0.2573728813559322
3 0.1441009852216749 0.6340112994350282 0.06828817733990149 0.25110169491525425
0 0.8917857142857143 0.5508474576271186 0.06195812807881774 0.20401129943502824
0 0.08801724137931034 0.5649717514124294 0.07652709359605911 0.2573728813559322
2 0.9266748768472907 0.4645197740112994 0.05513546798029557 0.17576271186440678
2 0.03602216748768473 0.4457062146892655 0.057389162561576355 0.18203389830508473