5 0.5244019728729963 0.3169592476489028 0.1298766954377312 0.4458307210031348
5 0.3942663378545006 0.31 0.12992601726263872 0.45278996865203763
6 0.6415166461159063 0.3012852664576802 0.09832305795314426 0.4353918495297805
6 0.28468557336621453 0.3117241379310345 0.09161528976572132 0.40752351097178685
4 0.7332922318125771 0.28037617554858935 0.08733662145499384 0.4632601880877743
4 0.19360049321824907 0.28909090909090907 0.08205918618988903 0.45978056426332287
1 0.8072749691738594 0.3012852664576802 0.05789149198520346 0.3726959247648903
1 0.12442663378545006 0.329153605015674 0.05331689272503083 0.36573667711598745
3 0.8579531442663378 0.34830721003134796 0.0442170160295931 0.2925705329153605
3 0.07785450061652281 0.35874608150470216 0.042379778051787914 0.2925705329153605
0 0.9059062885326757 0.3535423197492163 0.04971639950678175 0.28909090909090907
0 0.03059186189889026 0.3517868338557994 0.04649815043156597 0.26470219435736675
2 0.9476818742293466 0.3204388714733542 0.03466091245376079 0.2368652037617555
5 0.5154993834771886 0.7453918495297805 0.08467324290998768 0.3761755485893417
5 0.4285203452527743 0.7366771159874608 0.08334155363748459 0.3796551724137931
6 0.3415289765721332 0.7349216300940439 0.09295930949445129 0.3692163009404389
6 0.6011097410604193 0.7279623824451411 0.08601726263871765 0.3761755485893417
4 0.2572872996300863 0.7349216300940439 0.08066584463625154 0.3761755485893417
4 0.6887792848335389 0.7262382445141066 0.08598027127003699 0.3936050156739812
1 0.7613810110974106 0.6983699059561128 0.08321824907521577 0.33786833855799375
1 0.18127003699136868 0.7035736677115988 0.08205918618988903 0.3343887147335423
3 0.8154870530209618 0.7088087774294671 0.07360049321824907 0.31
3 0.12785450061652281 0.7035736677115988 0.06837237977805179 0.327398119122257
0 0.8826017262638717 0.6983699059561128 0.09001233045622688 0.2751724137931035
0 0.07511713933415537 0.6792163009404388 0.07797780517879162 0.2438244514106583
2 0.9284956843403206 0.6321943573667711 0.07493218249075216 0.22639498432601882
2 0.040863131935881626 0.6373981191222571 0.06977805178791616 0.22987460815047023