5 0.5988421052631578 0.4570110701107011 0.1440877192982456 0.3803690036900369
5 0.4517719298245614 0.4328782287822878 0.1549473684210526 0.41726937269372694
6 0.3262982456140351 0.3817712177121771 0.0983157894736842 0.44564575645756455
6 0.7175964912280701 0.41726937269372694 0.09547368421052632 0.4030627306273063
4 0.8073333333333333 0.39453874538745387 0.08131578947368422 0.4314391143911439
4 0.22442105263157894 0.3377859778597786 0.0997017543859649 0.47118081180811805
1 0.8781578947368421 0.4059040590405904 0.06110526315789473 0.34062730627306276
1 0.1387543859649123 0.33918819188191884 0.0687017543859649 0.33210332103321033
3 0.9280877192982456 0.36616236162361626 0.03952631578947369 0.2952029520295203
3 0.09085964912280702 0.31365313653136534 0.0403859649122807 0.30940959409594093
0 0.9611403508771931 0.2966051660516605 0.04275438596491228 0.3377859778597786
0 0.053754385964912284 0.3207380073800738 0.03635087719298245 0.25546125461254615
2 0.9894385964912281 0.3235793357933579 0.021105263157894735 0.21571955719557195
2 0.02743859649122807 0.2795940959409594 0.03501754385964912 0.25830258302583026
5 0.5178947368421053 0.6997047970479705 0.0901578947368421 0.2639852398523985
5 0.4085964912280702 0.6982656826568265 0.09559649122807018 0.2781549815498155
6 0.30943859649122807 0.6571217712177122 0.09966666666666667 0.31505535055350553
6 0.6170701754385965 0.7011070110701108 0.11035087719298245 0.30088560885608856
4 0.21296491228070175 0.6769741697416974 0.09296491228070176 0.35479704797047973
4 0.7263508771929824 0.7223985239852398 0.10221052631578947 0.36616236162361626
1 0.8208070175438597 0.6727306273062731 0.08329824561403508 0.26114391143911436
1 0.1353859649122807 0.6202214022140222 0.06196491228070176 0.24125461254612546
3 0.8876140350877193 0.6542804428044281 0.047614035087719296 0.19586715867158672
3 0.08208771929824561 0.615940959409594 0.0552280701754386 0.289520295202952
0 0.9429298245614035 0.6116974169741698 0.05842105263157894 0.20154981549815498
0 0.0382280701754386 0.5847232472324724 0.06468421052631579 0.25546125461254615
2 0.9753157894736841 0.5350553505535055 0.04494736842105263 0.13339483394833948