5 0.5476485148514851 0.5060606060606061 0.15965346534653466 0.49696969696969695
5 0.38923267326732675 0.5045454545454545 0.1547029702970297 0.49393939393939396
5 0.5111386138613861 0.8181818181818182 0.07920792079207921 0.13333333333333333
5 0.42636138613861385 0.803030303030303 0.06311881188118812 0.09696969696969697
6 0.2530940594059406 0.4590909090909091 0.11262376237623763 0.4212121212121212
6 0.34405940594059403 0.8166666666666667 0.08168316831683169 0.1303030303030303
6 0.6008663366336634 0.8015151515151515 0.09282178217821782 0.23333333333333334
6 0.6800742574257426 0.44696969696969696 0.1051980198019802 0.4636363636363636
4 0.1639851485148515 0.3575757575757576 0.06806930693069307 0.46060606060606063
4 0.25804455445544555 0.7681818181818182 0.07549504950495049 0.20909090909090908
4 0.6986386138613861 0.7954545454545454 0.08292079207920793 0.2515151515151515
4 0.7772277227722773 0.396969696969697 0.08415841584158416 0.4484848484848485
1 0.8459158415841584 0.353030303030303 0.05816831683168317 0.3424242424242424
1 0.1051980198019802 0.3212121212121212 0.04702970297029703 0.3515151515151515
1 0.1670792079207921 0.7257575757575757 0.07178217821782178 0.27575757575757576
1 0.7846534653465347 0.740909090909091 0.07920792079207921 0.24545454545454545
3 0.8428217821782178 0.6257575757575757 0.039603960396039604 0.20303030303030303
3 0.11386138613861387 0.5772727272727273 0.04950495049504951 0.1787878787878788
3 0.8941831683168316 0.2878787878787879 0.03589108910891089 0.2545454545454545
3 0.06188118811881188 0.24242424242424243 0.039603960396039604 0.23030303030303031
0 0.0625 0.4712121212121212 0.055693069306930694 0.22727272727272727
0 0.8960396039603961 0.5287878787878788 0.06683168316831684 0.22727272727272727
0 0.9418316831683168 0.1803030303030303 0.05693069306930693 0.2878787878787879
0 0.02103960396039604 0.1787878787878788 0.04207920792079208 0.21818181818181817
2 0.9399752475247525 0.4090909090909091 0.050742574257425746 0.14545454545454545