5 0.6149029982363315 0.4341666666666667 0.16520282186948854 0.4836742424242424
5 0.44331569664903003 0.4531060606060606 0.17746031746031746 0.4574621212121212
6 0.30156966490299825 0.4443560606060606 0.10834215167548501 0.3700378787878788
6 0.7451146384479718 0.42250000000000004 0.0919047619047619 0.40208333333333335
4 0.207989417989418 0.339469696969697 0.10566137566137565 0.4166666666666667
4 0.8278659611992945 0.3627651515151515 0.07287477954144621 0.43996212121212125
1 0.8889065255731923 0.3321590909090909 0.048430335097001766 0.3496590909090909
1 0.12864197530864196 0.3263257575757576 0.0555026455026455 0.3321590909090909
3 0.9309700176366843 0.34382575757575756 0.035679012345679016 0.24477272727272728
3 0.08116402116402117 0.3176136363636363 0.036543209876543206 0.23893939393939392
0 0.9750440917107585 0.2884469696969697 0.04977072310405643 0.18064393939393938
0 0.03911816578483245 0.2593181818181818 0.047407407407407405 0.19231060606060607
5 0.5599647266313933 0.7765151515151515 0.09603174603174604 0.19522727272727272
5 0.4643386243386243 0.7925378787878787 0.09472663139329807 0.2331060606060606
6 0.6562786596119929 0.7619318181818182 0.09328042328042328 0.2709848484848485
6 0.365326278659612 0.7488257575757575 0.09747795414462082 0.24477272727272728
4 0.7458024691358025 0.7575757575757576 0.08783068783068783 0.2739015151515152
4 0.265626102292769 0.6949242424242424 0.09343915343915343 0.294280303030303
1 0.8197354497354498 0.706590909090909 0.05659611992945327 0.2534848484848485
1 0.1747442680776014 0.6672348484848485 0.08804232804232805 0.24477272727272728
3 0.8699118165784833 0.6279166666666667 0.043015873015873014 0.21852272727272726
3 0.11303350970017638 0.5929545454545454 0.07857142857142857 0.20106060606060605
0 0.929594356261023 0.5769318181818182 0.0728395061728395 0.20977272727272728
0 0.057425044091710765 0.4662121212121212 0.08402116402116402 0.22143939393939394