5 0.5912222222222222 0.3727333333333333 0.13608333333333333 0.4666666666666667
5 0.45551388888888894 0.3742333333333333 0.1348611111111111 0.4575666666666667
6 0.3412638888888889 0.3469666666666667 0.09072222222222222 0.3788
6 0.7004166666666667 0.4015 0.08175 0.36666666666666664
4 0.7888055555555556 0.3469666666666667 0.08491666666666667 0.4030333333333333
4 0.24975 0.30606666666666665 0.09454166666666666 0.4424333333333333
1 0.8588611111111111 0.3485 0.058430555555555555 0.35756666666666664
1 0.16895833333333335 0.30606666666666665 0.06680555555555556 0.35150000000000003
3 0.9074583333333334 0.3212 0.042041666666666665 0.3212
3 0.1077361111111111 0.2833333333333333 0.050416666666666665 0.33636666666666665
0 0.9472361111111111 0.31060000000000004 0.03826388888888889 0.2939333333333334
0 0.06229166666666667 0.26213333333333333 0.042861111111111114 0.2515
5 0.58175 0.7863666666666667 0.08431944444444445 0.33636666666666665
5 0.49718055555555557 0.7803 0.08436111111111111 0.33636666666666665
6 0.4144861111111111 0.7651666666666667 0.08565277777777779 0.3485
6 0.6631805555555556 0.7696999999999999 0.0779861111111111 0.36363333333333336
4 0.7439722222222221 0.7515 0.08047222222222222 0.38786666666666664
4 0.32359722222222226 0.7621333333333333 0.10083333333333333 0.3788
1 0.808375 0.6985 0.07355555555555555 0.30606666666666665
1 0.23208333333333334 0.7227333333333333 0.08193055555555556 0.3727333333333333
3 0.8632777777777777 0.6772666666666667 0.06979166666666667 0.2818333333333333
3 0.16958333333333334 0.6727333333333333 0.07816666666666666 0.3333333333333333
0 0.9118888888888889 0.6197 0.058444444444444445 0.2212
0 0.09447222222222222 0.6106 0.08702777777777777 0.28786666666666666