5 0.5567225609756097 0.68282722513089 0.1419969512195122 0.5802617801047121
5 0.40875 0.693717277486911 0.14839939024390242 0.5933507853403142
6 0.6767682926829268 0.5998952879581152 0.100625 0.5279057591623036
6 0.2792073170731707 0.6326178010471204 0.11289634146341464 0.5235602094240838
4 0.763125 0.5540837696335078 0.06763719512195121 0.5061256544502618
4 0.18903963414634148 0.5868062827225131 0.0748170731707317 0.4930366492146597
1 0.8253658536585367 0.45591623036649215 0.057499999999999996 0.3708376963350785
1 0.12362804878048779 0.48649214659685863 0.05326219512195122 0.3010471204188482
3 0.8742530487804878 0.3294240837696335 0.041006097560975605 0.32722513089005234
3 0.06774390243902438 0.34251308900523564 0.05327743902439025 0.2486910994764398
0 0.9136280487804879 0.20287958115183247 0.041021341463414636 0.2486910994764398