5 0.572597623089983 0.8629242819843342 0.08453310696095076 0.10704960835509138
5 0.4911205432937181 0.8707571801566579 0.08117147707979627 0.1279373368146214
6 0.40370118845500846 0.8485639686684073 0.0896943972835314 0.1409921671018277
6 0.6566213921901528 0.8302872062663186 0.07602716468590832 0.13054830287206268
4 0.32137521222410864 0.7859007832898173 0.06765704584040748 0.17754569190600522
4 0.727062818336163 0.7545691906005222 0.06410865874363328 0.18798955613577023
1 0.2568590831918506 0.6501305483028721 0.07108658743633277 0.17232375979112272
1 0.771188455008489 0.618798955613577 0.07767402376910017 0.1566579634464752
3 0.22546689303904927 0.4934725848563969 0.0863667232597623 0.1566579634464752
3 0.8085398981324279 0.47389033942558745 0.08105263157894738 0.15404699738903394
0 0.16943972835314092 0.3342036553524804 0.11354838709677419 0.2506527415143603
0 0.8391001697792869 0.283289817232376 0.09122241086587436 0.24804177545691905
2 0.10833616298811545 0.12663185378590078 0.0932088285229202 0.23237597911227154
2 0.8849235993208829 0.10443864229765012 0.09460101867572156 0.19843342036553524