5 0.5514306358381502 0.42773291925465834 0.15079479768786128 0.3641925465838509
5 0.40104046242774566 0.4460869565217391 0.14690751445086705 0.3613664596273292
6 0.6782080924855491 0.43195652173913046 0.10013005780346822 0.28798136645962735
6 0.27560693641618494 0.457360248447205 0.10361271676300579 0.28798136645962735
4 0.7721242774566474 0.3670186335403727 0.08570809248554914 0.3783229813664596
4 0.18104046242774566 0.4503105590062112 0.08789017341040463 0.2851552795031056
1 0.843699421965318 0.39102484472049687 0.052904624277456645 0.26819875776397517
1 0.12193641618497109 0.45170807453416145 0.0484971098265896 0.22586956521739132
3 0.8850722543352602 0.3811490683229814 0.03322254335260116 0.19198757763975155
3 0.08647398843930636 0.4361801242236025 0.024869942196531793 0.1496273291925466
0 0.9152890173410404 0.3387888198757764 0.03060693641618497 0.14114906832298138
0 0.054956647398843934 0.3995031055900621 0.035390173410404624 0.13835403726708073
5 0.5166329479768786 0.7058074534161491 0.08644508670520232 0.23152173913043478
5 0.4259971098265896 0.7227639751552795 0.09436416184971098 0.23152173913043478
6 0.3340606936416185 0.7185093167701864 0.08914739884393064 0.3020807453416149
6 0.611199421965318 0.7044099378881987 0.09429190751445087 0.29080745341614905
4 0.703150289017341 0.681832298136646 0.08900289017341041 0.3077329192546584
4 0.25065028901734104 0.6804037267080746 0.07998554913294798 0.28232919254658384
1 0.7793352601156068 0.6140683229813664 0.06338150289017341 0.1891614906832298
1 0.18039017341040461 0.6535714285714286 0.05767341040462427 0.18350931677018634
3 0.8331936416184972 0.5872360248447205 0.03976878612716763 0.16375776397515526
3 0.13179190751445088 0.6182919254658386 0.03930635838150289 0.135527950310559
0 0.8824421965317919 0.5321739130434783 0.06210982658959537 0.1270496894409938
0 0.0897543352601156 0.5815838509316771 0.04458092485549133 0.12987577639751552