5 0.579879679144385 0.28865979381443296 0.15344919786096256 0.5017182130584192
5 0.4254946524064171 0.2852233676975945 0.15216577540106951 0.4948453608247423
6 0.3065374331550802 0.29553264604810997 0.08804812834224598 0.4329896907216495
6 0.7075267379679144 0.2972508591065292 0.09859625668449198 0.4639175257731959
4 0.7950935828877006 0.32989690721649484 0.0711898395721925 0.46048109965635736
4 0.22967914438502676 0.31958762886597936 0.06536096256684493 0.44673539518900346
1 0.8565775401069519 0.3694158075601375 0.05517379679144385 0.3745704467353952
1 0.16953208556149732 0.35738831615120276 0.052018716577540106 0.3711340206185567
3 0.8953475935828877 0.4072164948453608 0.03381016042780748 0.3127147766323024
3 0.11406417112299465 0.3436426116838488 0.05871657754010695 0.35738831615120276
0 0.9260828877005348 0.3487972508591065 0.039157754010695184 0.2508591065292096
0 0.06260695187165775 0.29381443298969073 0.04671122994652406 0.2852233676975945
2 0.9554946524064172 0.3230240549828179 0.039171122994652405 0.2542955326460481
5 0.5772058823529411 0.7457044673539519 0.10532085561497326 0.44673539518900346
5 0.47094919786096257 0.7405498281786942 0.104024064171123 0.44329896907216493
6 0.37336898395721924 0.718213058419244 0.11208556149732621 0.4536082474226804
6 0.6781283422459893 0.7250859106529209 0.0986096256684492 0.46735395189003437
4 0.7643449197860963 0.7285223367697594 0.07318181818181818 0.4536082474226804
4 0.2871657754010695 0.7319587628865979 0.08136363636363636 0.4536082474226804
1 0.8231550802139038 0.7216494845360825 0.05443850267379679 0.3848797250859107
1 0.22835561497326204 0.6769759450171822 0.07871657754010696 0.3436426116838488
3 0.8625935828877006 0.7044673539518901 0.04048128342245989 0.281786941580756
3 0.1768850267379679 0.6872852233676976 0.06136363636363636 0.28865979381443296
0 0.8986898395721925 0.6701030927835051 0.056524064171123 0.24054982817869416
0 0.1307754010695187 0.627147766323024 0.07073529411764705 0.24398625429553264
2 0.9341042780748664 0.570446735395189 0.044505347593582885 0.20618556701030927
2 0.06927807486631016 0.5463917525773195 0.07343582887700535 0.21993127147766323