5 0.591618911174785 0.3329225352112676 0.16640401146131806 0.5569718309859155
5 0.42883954154727794 0.3489084507042254 0.16386819484240686 0.537781690140845
6 0.28951289398280805 0.3377112676056338 0.11444126074498567 0.4641549295774648
6 0.7289971346704871 0.3216901408450704 0.10255014326647564 0.4705633802816901
4 0.8129942693409743 0.3025 0.06475644699140401 0.5025704225352112
4 0.19120343839541548 0.3153169014084507 0.08191977077363896 0.5217605633802818
1 0.8722636103151863 0.2576760563380282 0.05376790830945559 0.3745070422535211
1 0.13130372492836678 0.3248943661971831 0.042879656160458454 0.29771126760563377
3 0.9158739255014327 0.20327464788732394 0.034240687679083094 0.2400704225352113
3 0.0902865329512894 0.30728873239436616 0.03898280802292264 0.2752816901408451
5 0.5356303724928367 0.7874647887323943 0.09351002865329512 0.3777112676056338
5 0.44121776504298 0.7970422535211268 0.09484240687679084 0.35852112676056336
6 0.3455157593123209 0.7650352112676057 0.09878223495702006 0.3713028169014085
6 0.6261318051575931 0.781056338028169 0.0895702005730659 0.4097183098591549
4 0.7166332378223496 0.7570422535211268 0.0882378223495702 0.40651408450704224
4 0.25240687679083096 0.7698591549295775 0.08189111747851002 0.44492957746478873
1 0.7960744985673351 0.6674295774647888 0.07065902578796561 0.29771126760563377
1 0.18275071633237822 0.7074295774647887 0.05197707736389685 0.32010563380281687
3 0.8475214899713468 0.6258098591549296 0.045945558739255016 0.24647887323943662
3 0.14107449856733525 0.6578169014084507 0.054584527220630376 0.32330985915492955
0 0.8937392550143267 0.5361619718309859 0.052464183381088825 0.18246478873239436
0 0.09941260744985674 0.5938028169014083 0.046790830945558734 0.2144718309859155