5 0.46972193614830077 0.8869 0.09977342945417095 0.16905
5 0.38439752832131824 0.8726166666666667 0.09097837281153451 0.19761666666666666
6 0.28805355303810504 0.8523833333333334 0.10130792996910402 0.21428333333333333
6 0.5484140061791967 0.8321500000000001 0.11004119464469618 0.21666666666666667
4 0.6572605561277034 0.8202333333333333 0.10411946446961895 0.2595166666666667
4 0.19759011328527293 0.85715 0.08222451081359423 0.27143333333333336
1 0.7609680741503604 0.7678499999999999 0.10555097837281154 0.2833333333333333
1 0.1284552008238929 0.7345166666666666 0.07930998970133883 0.26905
3 0.8293717816683832 0.6142833333333333 0.095221421215242 0.24761666666666665
3 0.09830072090628218 0.5666666666666667 0.08079299691040165 0.20476666666666665
0 0.8992378990731205 0.45 0.10255406797116375 0.3
0 0.07109165808444902 0.39285000000000003 0.09403707518022657 0.24761666666666665
2 0.9541400617919671 0.23333333333333334 0.09171987641606591 0.27618333333333334
2 0.0578475798146241 0.15951666666666667 0.10580844490216271 0.26189999999999997