5 0.5628687196110211 0.32294117647058823 0.16312803889789304 0.4729065743944636
5 0.39948136142625607 0.31719723183391 0.16319286871961103 0.4902076124567474
6 0.7012965964343598 0.328719723183391 0.10771474878444083 0.37484429065743946
6 0.2705186385737439 0.30131487889273356 0.09166936790923826 0.39505190311418686
4 0.7991896272285252 0.3416955017301038 0.08742301458670988 0.3892733564013841
4 0.19017828200972448 0.30131487889273356 0.0633387358184765 0.3834948096885813
1 0.852544570502431 0.3762975778546713 0.046288492706645055 0.2681660899653979
1 0.14494327390599676 0.3344982698961938 0.026904376012965966 0.26529411764705885
3 0.882933549432739 0.3647750865051903 0.03414910858995138 0.22778546712802766
3 0.1213128038897893 0.2998961937716263 0.03095623987034036 0.23069204152249134
0 0.9153322528363047 0.3186159169550173 0.028752025931928684 0.21048442906574394
5 0.5054781199351702 0.715121107266436 0.11048622366288494 0.32294117647058823
5 0.3940842787682334 0.715121107266436 0.10917341977309562 0.32294117647058823
6 0.613517017828201 0.6747404844290658 0.10235008103727715 0.3460207612456747
6 0.29888168557536465 0.6920415224913494 0.10515397082658022 0.386401384083045
4 0.710064829821718 0.6660899653979239 0.08745542949756888 0.36910034602076125
4 0.2252836304700162 0.6358131487889274 0.07142625607779579 0.36619377162629757
1 0.789740680713128 0.6170588235294118 0.07392220421393841 0.3056401384083045
1 0.1699189627228525 0.60840830449827 0.08225283630470016 0.2883391003460208
3 0.8484927066450567 0.6156401384083044 0.046288492706645055 0.21626297577854672
3 0.12401944894651538 0.5824567474048443 0.04716369529983793 0.22491349480968859
0 0.8923824959481362 0.5867820069204153 0.04225283630470016 0.23934256055363323
0 0.10376012965964343 0.5031833910034602 0.041766612641815234 0.19896193771626297
2 0.9362722852512155 0.48297577854671286 0.04092382495948136 0.2681660899653979