5 0.5919730392156863 0.36200501253132833 0.17534313725490197 0.4956892230576441
5 0.41295343137254903 0.36619047619047623 0.18221813725490196 0.492907268170426
6 0.735625 0.34669172932330833 0.10924019607843137 0.38150375939849623
6 0.2652450980392157 0.3606265664160401 0.11284313725490196 0.39265664160401
4 0.8241176470588235 0.28962406015037595 0.09294117647058824 0.41213032581453635
4 0.16518382352941174 0.31050125313283206 0.08428921568627451 0.39265664160401
1 0.8833333333333333 0.29518796992481205 0.045318627450980385 0.3063157894736842
1 0.09712009803921569 0.32721804511278196 0.0516421568627451 0.2812531328320802
3 0.9194117647058824 0.2812531328320802 0.024901960784313726 0.20606516290726817
3 0.05083333333333333 0.30215538847117795 0.04349264705882353 0.22
0 0.9493627450980392 0.22416040100250625 0.03308823529411765 0.23669172932330826
0 0.016115196078431374 0.26456140350877194 0.028529411764705883 0.194937343358396
2 0.9731862745098039 0.13784461152882205 0.023566176470588236 0.11974937343358397
5 0.5668014705882353 0.7560651629072682 0.0982843137254902 0.32025062656641606
5 0.4667279411764706 0.7755388471177945 0.101875 0.32025062656641606
6 0.6675490196078432 0.7546616541353384 0.10376225490196078 0.389874686716792
6 0.3605514705882353 0.7518796992481203 0.11317401960784312 0.38428571428571434
4 0.7628553921568627 0.7393483709273183 0.08202205882352942 0.414937343358396
4 0.24823529411764705 0.7532832080200501 0.11176470588235295 0.3982205513784461
1 0.8377328431372549 0.7198496240601504 0.08204656862745098 0.32025062656641606
1 0.16926470588235296 0.6934085213032581 0.10334558823529412 0.3118796992481203
3 0.8765318627450981 0.6432832080200501 0.08071078431372548 0.28962406015037595
3 0.11004901960784313 0.6363157894736842 0.09383578431372548 0.27012531328320805
0 0.9214583333333333 0.5736591478696742 0.07800245098039216 0.23390977443609023
0 0.05082107843137255 0.5583458646616541 0.10066176470588235 0.24784461152882206
2 0.9534436274509804 0.43441102756892236 0.08481617647058823 0.23390977443609023
2 0.029730392156862746 0.43162907268170425 0.0503063725490196 0.10581453634085213