5 0.5817369093231162 0.36254980079681276 0.14942528735632185 0.5099601593625498
5 0.4342273307790549 0.3745019920318725 0.14559386973180077 0.50199203187251
5 0.5651340996168582 0.7868525896414342 0.09067688378033206 0.3386454183266932
5 0.47445721583652617 0.8007968127490039 0.09067688378033206 0.350597609561753
6 0.3167305236270754 0.4063745019920319 0.08684546615581099 0.4063745019920319
6 0.37994891443167306 0.7888446215139442 0.10089399744572158 0.3426294820717131
6 0.657088122605364 0.7828685258964143 0.09323116219667944 0.3545816733067729
6 0.7011494252873564 0.3844621513944223 0.08939974457215837 0.44223107569721115
4 0.23243933588761176 0.40239043824701193 0.07918263090676884 0.41434262948207173
4 0.28671775223499363 0.7529880478087649 0.08556832694763729 0.2868525896414343
4 0.7445721583652618 0.7629482071713147 0.07918263090676884 0.38645418326693226
4 0.7841634738186463 0.4043824701195219 0.07407407407407407 0.41832669322709165
1 0.8486590038314177 0.38247011952191234 0.05491698595146871 0.398406374501992
1 0.16091954022988506 0.38645418326693226 0.06385696040868455 0.4063745019920319
1 0.20753512132822477 0.7390438247011952 0.070242656449553 0.250996015936255
1 0.8148148148148148 0.7410358565737052 0.06385696040868455 0.3107569721115538
3 0.8914431673052363 0.40239043824701193 0.03065134099616858 0.2948207171314741
3 0.10600255427841634 0.3844621513944223 0.04342273307790549 0.3545816733067729
3 0.14687100893997446 0.7290836653386454 0.06385696040868455 0.27091633466135456
3 0.8716475095785441 0.7131474103585658 0.04980842911877394 0.2549800796812749
0 0.9189016602809706 0.3784860557768924 0.02681992337164751 0.23107569721115537
0 0.07215836526181353 0.38247011952191234 0.03959131545338442 0.2868525896414343
0 0.10280970625798212 0.6733067729083665 0.05236270753512133 0.20717131474103587
0 0.909323116219668 0.6533864541832669 0.05108556832694764 0.20717131474103587
2 0.9412515964240102 0.3346613545816733 0.017879948914431672 0.20717131474103587
2 0.03639846743295019 0.398406374501992 0.02937420178799489 0.2151394422310757
2 0.06130268199233716 0.6394422310756972 0.05363984674329502 0.14741035856573706
2 0.9406130268199234 0.5856573705179283 0.03959131545338442 0.20717131474103587