5 0.6149029982363315 0.4516287878787879 0.16520282186948854 0.4662121212121212
5 0.44331569664903003 0.46912878787878787 0.17476190476190476 0.45454545454545453
6 0.7417460317460317 0.4195833333333333 0.09121693121693121 0.4195833333333333
6 0.30428571428571427 0.4603787878787879 0.10562610229276896 0.3729545454545454
4 0.8217813051146384 0.37443181818181814 0.06682539682539683 0.44579545454545455
4 0.21001763668430334 0.3481818181818182 0.10701940035273369 0.42250000000000004
1 0.8868783068783069 0.3452651515151515 0.06142857142857142 0.3642045454545455
1 0.12728395061728395 0.3409090909090909 0.05821869488536155 0.32053030303030305
3 0.9309700176366843 0.3350757575757575 0.038377425044091716 0.2622348484848485
3 0.08319223985890653 0.3292424242424242 0.03518518518518519 0.2156060606060606
0 0.974373897707231 0.28700757575757574 0.04654320987654321 0.21852272727272726
0 0.038430335097001764 0.2680681818181818 0.054179894179894175 0.20397727272727273
5 0.5620105820105821 0.7386363636363636 0.09520282186948853 0.2709848484848485
5 0.4629982363315696 0.7459090909090909 0.10059964726631393 0.2913636363636364
6 0.6576543209876543 0.7488257575757575 0.09118165784832452 0.2913636363636364
6 0.36329805996472664 0.725530303030303 0.09649029982363316 0.285530303030303
4 0.7464902998236331 0.7604924242424242 0.08171075837742504 0.285530303030303
4 0.27038800705467375 0.6993181818181818 0.09238095238095238 0.2913636363636364
1 0.8177072310405643 0.7226136363636364 0.06410934744268078 0.24477272727272728
1 0.1774779541446208 0.6482954545454546 0.09098765432098765 0.2884469696969697
3 0.8672134038800705 0.6395833333333333 0.043791887125220454 0.2243560606060606
3 0.11372134038800706 0.6017045454545454 0.0717989417989418 0.19522727272727272
0 0.9268959435626102 0.5769318181818182 0.07634920634920635 0.25056818181818186
0 0.05335097001763668 0.4880681818181818 0.08673721340388008 0.20689393939393938