5 0.5690186335403726 0.36184438040345823 0.15428571428571428 0.42907780979827087
5 0.4144472049689441 0.345821325648415 0.15434782608695652 0.4546974063400576
6 0.28059627329192544 0.34262247838616716 0.11299378881987576 0.3842363112391931
6 0.7042608695652174 0.3474351585014409 0.11007453416149068 0.3938616714697406
4 0.8057018633540373 0.34420749279538904 0.08730434782608695 0.38103746397694527
4 0.19159006211180124 0.32659942363112393 0.061962732919254665 0.35861671469740636
1 0.8767701863354037 0.3394236311239193 0.055590062111801244 0.33302593659942364
1 0.13500621118012424 0.3234005763688761 0.04818633540372671 0.28178674351585015
3 0.9257639751552795 0.30899135446685877 0.04319254658385094 0.2721613832853026
3 0.09499378881987577 0.3025936599423631 0.03716770186335404 0.25936599423631124
0 0.9650931677018634 0.28657060518731986 0.04182608695652174 0.2017291066282421
0 0.05842236024844721 0.2625648414985591 0.033031055900621116 0.16651296829971182
5 0.536583850931677 0.7732853025936599 0.09771428571428571 0.3746397694524496
5 0.44136645962732923 0.7620749279538905 0.09775155279503105 0.3842363112391931
6 0.34269565217391307 0.7732853025936599 0.09916770186335404 0.38103746397694527
6 0.6373291925465838 0.7748991354466859 0.10596273291925465 0.37783861671469743
4 0.7311677018633541 0.7428818443804034 0.10040993788819876 0.3714409221902017
4 0.24126708074534162 0.730057636887608 0.09782608695652174 0.36504322766570607
1 0.8174409937888198 0.6980403458213257 0.09696894409937888 0.3138040345821326
1 0.15847204968944098 0.6676368876080692 0.10060869565217391 0.29778097982708934
3 0.8774658385093168 0.6532276657060518 0.06801242236024845 0.26896253602305475
3 0.07981366459627329 0.6131988472622478 0.06752795031055901 0.2337463976945245
0 0.9450807453416149 0.5731700288184438 0.06803726708074534 0.2625648414985591