5 0.47339855818743565 0.8881 0.09830072090628218 0.16666666666666666
5 0.38366632337796086 0.8702333333333333 0.08950566426364573 0.19761666666666666
6 0.5469412976313079 0.8345166666666667 0.11004119464469618 0.22143333333333334
6 0.28805355303810504 0.85 0.10425334706488157 0.21905000000000002
4 0.6580020597322348 0.8131 0.10852729145211122 0.2547666666666667
4 0.19538619979402677 0.85715 0.08075180226570546 0.25715
1 0.7528733264675592 0.75595 0.12173017507723996 0.27381666666666665
1 0.15198764160659115 0.7238166666666667 0.12048403707518023 0.24285
3 0.8006797116374872 0.6119 0.1437796086508754 0.24285
3 0.1262409886714727 0.5559499999999999 0.15727085478887745 0.19761666666666666
0 0.8536251287332647 0.43333333333333335 0.19671472708547888 0.32381666666666664
0 0.11153450051493305 0.38333333333333336 0.18374871266735324 0.25715
2 0.91173017507724 0.23451666666666668 0.17168898043254377 0.27381666666666665
2 0.096086508753862 0.15594999999999998 0.17640576725025744 0.2595166666666667