5 0.5742295597484276 0.28884462151394424 0.1412264150943396 0.4449003984063745
5 0.43209119496855347 0.3270119521912351 0.14520440251572325 0.42828685258964144
6 0.3109119496855346 0.33697211155378487 0.09677672955974842 0.3751792828685259
6 0.6960691823899371 0.28219123505976096 0.09926100628930817 0.3851394422310757
4 0.7877672955974843 0.26725099601593627 0.0835062893081761 0.42163346613545816
4 0.21462264150943397 0.34693227091633466 0.09550314465408806 0.4017131474103586
1 0.8572169811320756 0.2788844621513944 0.05276729559748428 0.2788844621513944
1 0.14388364779874216 0.37183266932270914 0.04836477987421384 0.2788844621513944
3 0.8971698113207548 0.24733067729083666 0.033128930817610064 0.24900398406374502
3 0.10852201257861635 0.36852589641434264 0.030047169811320752 0.2257768924302789
0 0.9246698113207548 0.20916334661354583 0.03314465408805031 0.2523107569721115
0 0.07970125786163522 0.3054581673306773 0.02481132075471698 0.21247011952191233
2 0.052845911949685534 0.2290836653386454 0.028757861635220126 0.17262948207171314
5 0.5526100628930817 0.6673306772908366 0.09275157232704404 0.36521912350597613
5 0.45894654088050313 0.6656573705179283 0.08624213836477988 0.36187250996015935
6 0.3652830188679245 0.6540637450199203 0.09806603773584906 0.398406374501992
6 0.6416981132075472 0.6241832669322709 0.09011006289308177 0.3851394422310757
4 0.7373270440251573 0.619203187250996 0.09531446540880503 0.38179282868525893
4 0.2761949685534591 0.6556972111553785 0.08237421383647799 0.3552589641434263
1 0.8205188679245283 0.5826693227091634 0.08086477987421384 0.2689243027888446
1 0.18973270440251572 0.6374501992031872 0.0850314465408805 0.29215139442231075
0 0.8932389937106918 0.469800796812749 0.054088050314465404 0.1693227091633466
0 0.12358490566037734 0.5776892430278885 0.06017295597484277 0.21247011952191233
2 0.07839622641509433 0.48804780876494025 0.04316037735849056 0.17262948207171314