5 0.5804294478527607 0.3383458646616541 0.17011042944785273 0.43162907268170425
5 0.41959509202453993 0.3439097744360902 0.1538159509202454 0.4205012531328321
6 0.2866993865030675 0.304937343358396 0.11160736196319018 0.40378446115288225
6 0.722196319018405 0.30771929824561406 0.11553374233128834 0.3982205513784461
4 0.8108098159509202 0.2742857142857143 0.09168098159509203 0.4205012531328321
4 0.1858282208588957 0.2631578947368421 0.0871042944785276 0.40378446115288225
1 0.8857791411042945 0.28403508771929825 0.05900613496932516 0.3285964912280702
1 0.1183680981595092 0.23669172932330826 0.04760736196319018 0.33974937343358397
3 0.9273496932515337 0.3063157894736842 0.03856441717791411 0.245062656641604
3 0.08155828220858896 0.23531328320802006 0.03943558282208589 0.27012531328320805
0 0.9723312883435583 0.28403508771929825 0.04948466257668711 0.1782205513784461
0 0.040662576687116564 0.182406015037594 0.0449079754601227 0.22
5 0.561361963190184 0.8493483709273183 0.08560736196319017 0.27290726817042604
5 0.4754846625766871 0.8493483709273183 0.0856319018404908 0.28403508771929825
6 0.37938650306748467 0.8410025062656642 0.11157055214723927 0.3063157894736842
6 0.6492760736196319 0.8284711779448621 0.097840490797546 0.2868170426065163
4 0.2853374233128835 0.8228822055137844 0.10888343558282208 0.3369423558897243
4 0.7460490797546012 0.8340350877192981 0.09235582822085889 0.3258145363408521
1 0.8114846625766872 0.7546616541353384 0.08414723926380367 0.3007518796992481
1 0.19878527607361962 0.7713784461152882 0.09663803680981596 0.3007518796992481
3 0.8544171779141104 0.7087218045112781 0.07186503067484662 0.25897243107769424
3 0.15788957055214725 0.6697243107769424 0.09120245398773005 0.24228070175438596
0 0.9028098159509202 0.6530325814536341 0.08411042944785276 0.24784461152882206
0 0.1129079754601227 0.6126315789473684 0.08304294478527609 0.21162907268170425
2 0.9457423312883435 0.5680952380952381 0.0936441717791411 0.245062656641604