5 0.5923038229376257 0.11380880121396054 0.12036217303822938 0.17704097116843703
5 0.46992957746478875 0.10496206373292868 0.1237625754527163 0.18462822458270106
6 0.6761569416498994 0.1631259484066768 0.11101609657947685 0.15933232169954475
6 0.3626458752515091 0.14036418816388468 0.0936317907444668 0.16438543247344461
4 0.7356639839034205 0.2642943854324734 0.10935613682092556 0.16438543247344461
4 0.28803822937625756 0.22256449165402123 0.10874245472837023 0.18209408194233687
1 0.7700301810865191 0.40465857359635815 0.12780684104627768 0.1567981790591806
1 0.249476861167002 0.3692412746585736 0.1288732394366197 0.1669195751138088
3 0.7960160965794769 0.5374355083459788 0.1294969818913481 0.13403641881638848
3 0.2067303822937626 0.5096054628224582 0.12386317907444669 0.15427921092564492
0 0.8094265593561368 0.7056145675265554 0.1529678068410463 0.20738998482549315
0 0.17990945674044267 0.6765250379362671 0.15404426559356138 0.22003034901365706
2 0.14637826961770622 0.8674810318664643 0.15741448692152918 0.212443095599393
2 0.8278370221327968 0.8952959028831563 0.15548289738430585 0.1922154779969651