5 0.5957793345008756 0.48864768683274024 0.16674255691768824 0.4188256227758007
5 0.4247110332749562 0.5023131672597865 0.17218914185639228 0.4188256227758007
6 0.7311733800350263 0.4311387900355872 0.10404553415061295 0.4079003558718861
6 0.2792644483362522 0.4763345195729537 0.1237478108581436 0.37231316725978647
4 0.8234325744308232 0.3312455516014235 0.07847635726795096 0.37231316725978647
4 0.16746059544658495 0.39281138790035586 0.10224168126094571 0.3640925266903915
1 0.8927845884413309 0.28879003558718863 0.05830122591943958 0.29291814946619216
1 0.09001751313485114 0.3804982206405694 0.05243432574430823 0.2901779359430605
3 0.046252189141856394 0.3312455516014235 0.037635726795096316 0.23540925266903917
0 0.013922942206654992 0.29291814946619216 0.024185639229422067 0.1916370106761566
5 0.6254115586690018 0.7842704626334519 0.10798598949211909 0.32576512455516016
5 0.512276707530648 0.7829181494661922 0.1214185639229422 0.3175444839857651
6 0.3964273204903678 0.7801779359430605 0.11598949211908932 0.3285053380782918
6 0.7325043782837127 0.7377580071174378 0.10402802101576182 0.32576512455516016
4 0.8187040280210158 0.6734163701067615 0.07175131348511384 0.3175444839857651
4 0.2792644483362522 0.759644128113879 0.11598949211908932 0.31480427046263343
1 0.8793169877408056 0.5693950177935944 0.060998248686514885 0.22448398576512454
1 0.1701751313485114 0.7007829181494661 0.10516637478108581 0.2792170818505338
3 0.9251138353765325 0.49 0.05831873905429071 0.2299644128113879
3 0.08935201401050788 0.6104626334519573 0.0861120840630473 0.18615658362989324
0 0.949369527145359 0.35313167259786477 0.05563922942206655 0.1806761565836299
0 0.040858143607705774 0.498220640569395 0.07266199649737304 0.18615658362989324