5 0.5795019157088123 0.36852589641434264 0.14403575989782885 0.4820717131474104
5 0.4352107279693486 0.37649402390438247 0.13897828863346104 0.4900398406374502
6 0.6976117496807153 0.3804780876494024 0.09163473818646233 0.4262948207171315
6 0.3196551724137931 0.4063745019920319 0.09177522349936143 0.398406374501992
4 0.7825415070242656 0.39641434262948205 0.08077905491698595 0.4262948207171315
4 0.22962962962962966 0.40239043824701193 0.08542784163473818 0.41434262948207173
1 0.8489399744572159 0.3804780876494024 0.050153256704980845 0.3784860557768924
1 0.15812260536398468 0.3884462151394422 0.06246487867177522 0.38645418326693226
3 0.8885185185185186 0.40239043824701193 0.03229885057471264 0.30278884462151395
3 0.10641123882503192 0.3904382470119522 0.043333333333333335 0.3665338645418327
0 0.9172541507024267 0.3804780876494024 0.02848020434227331 0.21115537848605578
0 0.07002554278416347 0.3804780876494024 0.034406130268199234 0.2908366533864542
2 0.9408812260536399 0.3187250996015936 0.016998722860791828 0.20717131474103587
2 0.03745849297573435 0.40239043824701193 0.030587484035759897 0.22310756972111553
5 0.5648148148148148 0.7788844621513944 0.09168582375478929 0.3386454183266932
5 0.4741634738186462 0.7948207171314741 0.09171136653895275 0.3545816733067729
6 0.37775223499361427 0.7589641434262948 0.1006896551724138 0.3784860557768924
6 0.6573946360153257 0.7669322709163346 0.09037037037037038 0.3705179282868526
4 0.7429501915708813 0.7529880478087649 0.08268199233716475 0.398406374501992
4 0.2864495530012771 0.7250996015936255 0.08157088122605363 0.3187250996015936
1 0.8157343550446999 0.7350597609561753 0.05966794380587484 0.32270916334661354
1 0.20729246487867178 0.6992031872509961 0.07648786717752235 0.2589641434262948
3 0.8655300127713921 0.7131474103585658 0.05454661558109834 0.2788844621513944
3 0.14919540229885056 0.7151394422310757 0.07012771392081736 0.26693227091633465
0 0.9095913154533845 0.6673306772908366 0.06167305236270754 0.22709163346613545
0 0.1025925925925926 0.6832669322709163 0.05864623243933589 0.20318725099601595
2 0.9389655172413793 0.5756972111553785 0.0438058748403576 0.21912350597609562
2 0.059808429118773945 0.6354581673306773 0.05484035759897828 0.17131474103585656