5 0.5676312247644684 0.32432432432432434 0.19484522207267835 0.4648648648648649
5 0.3785598923283984 0.327027027027027 0.18281292059219384 0.4810810810810811
6 0.7264199192462988 0.30945945945945946 0.11943472409152085 0.43513513513513513
6 0.23458950201884254 0.32972972972972975 0.10481830417227456 0.41621621621621624
4 0.830699865410498 0.3972972972972973 0.08574697173620457 0.3675675675675676
4 0.13366083445491253 0.3554054054054054 0.10216689098250337 0.4243243243243243
1 0.8953162853297443 0.43648648648648647 0.07306864064602961 0.3324324324324324
1 0.08387617765814266 0.4283783783783784 0.05643337819650067 0.2945945945945946
3 0.941063257065949 0.4445945945945946 0.054239569313593534 0.28378378378378377
3 0.04283983849259757 0.4283783783783784 0.04164199192462988 0.3
0 0.972678331090175 0.4756756756756757 0.03944818304172274 0.2
5 0.4956393001345895 0.7378378378378379 0.11009421265141318 0.34054054054054056
5 0.3832839838492597 0.7324324324324324 0.11417227456258412 0.34054054054054056
6 0.27293405114401076 0.7405405405405405 0.10615074024226111 0.3837837837837838
6 0.616742934051144 0.7527027027027027 0.12620457604306864 0.37027027027027026
4 0.7318034993270525 0.7716216216216216 0.10328398384925976 0.4297297297297297
4 0.17605652759084792 0.7621621621621621 0.09002691790040376 0.3783783783783784
1 0.8179273216689099 0.7716216216216216 0.07363391655450875 0.35945945945945945
1 0.11146702557200537 0.7432432432432432 0.049690444145356664 0.2972972972972973
3 0.884535666218035 0.772972972972973 0.05881561238223419 0.33513513513513515
3 0.0751278600269179 0.745945945945946 0.0631628532974428 0.2864864864864865
0 0.9417227456258412 0.7391891891891892 0.05744279946164199 0.24054054054054055