5 0.5934751773049645 0.46451410658307213 0.1853900709219858 0.52435736677116
5 0.407177304964539 0.4716300940438871 0.18417021276595746 0.5158307210031349
6 0.25441134751773054 0.41608150470219435 0.11846808510638297 0.4673667711598746
6 0.7449787234042554 0.427460815047022 0.11184397163120567 0.46166144200626963
4 0.835886524822695 0.4004075235109718 0.064822695035461 0.45313479623824454
4 0.16739007092198582 0.3605015673981191 0.06822695035460993 0.4303134796238245
1 0.8887375886524822 0.3818808777429467 0.04421276595744681 0.32489028213166143
1 0.11517730496453901 0.3263009404388715 0.038595744680851064 0.2935423197492163
3 0.9274184397163121 0.3576489028213166 0.033914893617021276 0.26504702194357366
3 0.0835886524822695 0.2664576802507837 0.026992907801418442 0.225141065830721
0 0.9544822695035461 0.29495297805642634 0.03649645390070922 0.219435736677116
0 0.05329078014184397 0.21231974921630095 0.030879432624113475 0.19664576802507835
5 0.5477163120567375 0.7808463949843261 0.08870921985815602 0.2507836990595611
5 0.44780141843971627 0.7708777429467084 0.0926099290780142 0.23084639498432602
6 0.34401418439716314 0.7423824451410658 0.09394326241134753 0.26504702194357366
6 0.6482836879432624 0.7865517241379311 0.1093049645390071 0.31347962382445144
4 0.7559290780141843 0.7879623824451412 0.10024113475177306 0.3562382445141066
4 0.24473758865248227 0.7295611285266458 0.09913475177304965 0.336269592476489
1 0.8416879432624114 0.6953605015673981 0.06353191489361702 0.22799373040752352
1 0.16480851063829788 0.6369278996865204 0.057914893617021276 0.219435736677116
3 0.8919574468085107 0.6355172413793103 0.04292198581560284 0.18238244514106583
3 0.12292198581560283 0.54717868338558 0.03858156028368794 0.1481818181818182
0 0.9306382978723404 0.555705329153605 0.03520567375886525 0.13109717868338558
0 0.086822695035461 0.46595611285266453 0.048907801418439714 0.1510344827586207