5 0.5694522471910112 0.41242811501597443 0.16598314606741574 0.47051118210862625
5 0.4002808988764045 0.4080830670926518 0.16981741573033707 0.49086261980830664
5 0.5285955056179775 0.7711182108626199 0.10214887640449438 0.2468690095846645
5 0.4264606741573034 0.7769329073482428 0.09959269662921348 0.25268370607028756
6 0.25599719101123597 0.3645047923322684 0.11875 0.5082747603833866
6 0.31537921348314607 0.7725878594249201 0.11747191011235955 0.3020766773162939
6 0.6364887640449438 0.7377316293929712 0.1110814606741573 0.2788178913738019
6 0.7099016853932584 0.37031948881789134 0.10980337078651686 0.4676038338658147
4 0.8043960674157303 0.3180511182108626 0.08171348314606741 0.49086261980830664
4 0.15321629213483146 0.36741214057507987 0.08938202247191011 0.5082747603833866
4 0.2189747191011236 0.7827476038338658 0.07533707865168539 0.3223961661341853
4 0.7373595505617978 0.7348242811501597 0.08810393258426966 0.2672204472843451
1 0.8714185393258428 0.3064217252396166 0.05234550561797753 0.3804792332268371
1 0.08682584269662921 0.40661341853035143 0.043412921348314606 0.34853035143769967
1 0.145561797752809 0.7696805111821086 0.07150280898876404 0.29626198083067096
1 0.8107724719101124 0.6999680511182109 0.058735955056179776 0.2788178913738019
3 0.04276685393258427 0.35287539936102236 0.04724719101123596 0.3514376996805112
3 0.09066011235955056 0.6956230031948881 0.038300561797752805 0.22364217252396165
3 0.8567415730337079 0.6084664536741213 0.03320224719101124 0.21201277955271566
3 0.9186657303370787 0.27447284345047923 0.042134831460674156 0.3514376996805112
0 0.01021067415730337 0.2991693290734824 0.020435393258426967 0.3136741214057508
0 0.03639044943820225 0.6389776357827476 0.06001404494382022 0.21492012779552713
0 0.9186657303370787 0.5445686900958466 0.08810393258426966 0.1887859424920128
0 0.9435674157303372 0.18006389776357828 0.03574438202247191 0.3020766773162939
2 0.9799578651685393 0.12054313099041533 0.039578651685393255 0.23527156549520767
2 0.9678230337078653 0.35 0.0485252808988764 0.11907348242811502