5 0.5283600493218249 0.3166144200626959 0.12946979038224415 0.445141065830721
5 0.39827373612823674 0.3072100313479624 0.13070283600493218 0.45768025078369906
5 0.5178791615289766 0.7366771159874608 0.08631319358816276 0.36990595611285265
5 0.4321824907521578 0.7398119122257053 0.08508014796547472 0.36990595611285265
6 0.28545006165228115 0.30094043887147337 0.09247842170160296 0.4200626959247649
6 0.3471023427866831 0.7398119122257053 0.08508014796547472 0.3887147335423197
6 0.6054254007398274 0.7335423197492164 0.08631319358816276 0.3824451410658307
6 0.6448828606658447 0.29153605015673983 0.10110974106041924 0.445141065830721
4 0.7379778051787916 0.27586206896551724 0.08261405672009864 0.46394984326018807
4 0.1966707768187423 0.29310344827586204 0.08508014796547472 0.4482758620689655
4 0.26078914919852036 0.7413793103448276 0.08508014796547472 0.39184952978056425
4 0.6905055487053021 0.7272727272727273 0.08384710234278668 0.3887147335423197
1 0.8101109741060419 0.29780564263322884 0.06165228113440197 0.36990595611285265
1 0.12638717632552404 0.32601880877742945 0.0530209617755857 0.3573667711598746
1 0.17940813810110975 0.6943573667711599 0.0752157829839704 0.34169278996865204
1 0.7657213316892725 0.6943573667711599 0.08384710234278668 0.335423197492163
3 0.8600493218249076 0.34169278996865204 0.040690505548705305 0.30094043887147337
3 0.08014796547472257 0.3432601880877743 0.03945745992601726 0.3103448275862069
3 0.12515413070283601 0.7021943573667712 0.06041923551171394 0.3072100313479624
3 0.8230579531442663 0.6959247648902821 0.06288532675709001 0.2946708463949843
0 0.908138101109741 0.3495297805642633 0.05795314426633785 0.3103448275862069
0 0.03822441430332922 0.3401253918495298 0.04438964241676942 0.2852664576802508
0 0.07953144266337854 0.6818181818181818 0.07028360049321825 0.2413793103448276
0 0.8865598027127004 0.6880877742946708 0.08631319358816276 0.2727272727272727
2 0.9500616522811344 0.34796238244514105 0.030826140567200986 0.20689655172413793
2 0.04254007398273736 0.6159874608150471 0.07274969173859433 0.20376175548589343
2 0.9334155363748459 0.622257053291536 0.07398273736128237 0.19122257053291536