5 0.582478527607362 0.3383458646616541 0.16328834355828223 0.43162907268170425
5 0.422319018404908 0.33974937343358397 0.1565398773006135 0.42884711779448625
5 0.5593128834355828 0.8479448621553884 0.08424539877300613 0.2812531328320802
5 0.47684662576687115 0.8381954887218045 0.08290797546012268 0.27847117794486215
6 0.2860122699386503 0.30353383458646616 0.11569325153374234 0.3954385964912281
6 0.3821104294478528 0.8354135338345864 0.10612269938650307 0.29518796992481205
6 0.6499509202453988 0.8256641604010025 0.09647852760736196 0.292406015037594
6 0.723558282208589 0.304937343358396 0.11553374233128834 0.39265664160401
4 0.8196564417177914 0.27150375939849625 0.07596319018404908 0.40378446115288225
4 0.1858282208588957 0.2561904761904762 0.0843803680981595 0.389874686716792
4 0.2792024539877301 0.8228822055137844 0.09933742331288342 0.3369423558897243
4 0.7467361963190184 0.8270676691729323 0.09644171779141103 0.32303258145363406
1 0.11904294478527606 0.23531328320802006 0.05169325153374234 0.34809523809523807
1 0.1967361963190184 0.7658145363408522 0.09255214723926382 0.29518796992481205
1 0.8128466257668712 0.7490977443609023 0.08414723926380367 0.28962406015037595
1 0.8878282208588958 0.28403508771929825 0.060368098159509206 0.33974937343358397
3 0.07679754601226994 0.22696741854636593 0.03262576687116565 0.27012531328320805
3 0.15993865030674845 0.6697243107769424 0.08984049079754601 0.24228070175438596
3 0.8544171779141104 0.7115037593984962 0.07731288343558282 0.2756892230576441
0 0.037263803680981596 0.1837844611528822 0.04354601226993865 0.23390977443609023
0 0.11154601226993864 0.6084711779448622 0.08305521472392638 0.18100250626566416
0 0.9055337423312884 0.6516290726817042 0.08138650306748466 0.23949874686716793
3 0.9341717791411043 0.2993483709273183 0.038576687116564416 0.25340852130325814
0 0.9743803680981595 0.27847117794486215 0.045411042944785276 0.194937343358396
2 0.07269938650306748 0.5221303258145363 0.07898159509202454 0.19771929824561404
2 0.9511901840490797 0.5583458646616541 0.0881840490797546 0.23112781954887218