5 0.5981366459627329 0.33656108597285067 0.1782608695652174 0.4581447963800905
5 0.4157142857142857 0.35493212669683255 0.18351966873706005 0.4327149321266968
6 0.2604761904761905 0.37895927601809953 0.12664596273291925 0.3393665158371041
6 0.7469565217391304 0.32805429864253394 0.11935817805383023 0.36764705882352944
4 0.8536853002070393 0.2517194570135747 0.08962732919254658 0.4242081447963801
4 0.14857142857142858 0.3054298642533937 0.09693581780538302 0.3393665158371041
1 0.9215942028985508 0.22058823529411764 0.06766045548654244 0.3223981900452489
1 0.074824016563147 0.2644343891402715 0.07107660455486542 0.29696832579185517
3 0.9675362318840579 0.1909049773755656 0.05345755693581781 0.23475113122171948
3 0.022836438923395444 0.21067873303167423 0.045693581780538305 0.2573755656108597
5 0.5037060041407867 0.7508597285067873 0.1058592132505176 0.3082805429864253
5 0.39631469979296063 0.7508597285067873 0.11107660455486543 0.31959276018099547
6 0.2675983436853002 0.7762895927601811 0.1149896480331263 0.364841628959276
6 0.6117391304347827 0.7423529411764705 0.10710144927536232 0.3252488687782805
4 0.719751552795031 0.7253846153846154 0.10318840579710145 0.3761085972850679
4 0.18285714285714283 0.7324886877828054 0.09819875776397516 0.333710407239819
1 0.8129192546583851 0.6971040723981901 0.08503105590062111 0.3422171945701357
1 0.09747412008281574 0.70420814479638 0.09047619047619049 0.3223981900452489
3 0.8808281573498965 0.6490497737556561 0.07855072463768116 0.2743438914027149
3 0.04053830227743271 0.6348868778280543 0.06979296066252588 0.28
0 0.93648033126294 0.5401809954751131 0.0767287784679089 0.27714932126696834
2 0.980103519668737 0.39733031674208147 0.03979296066252588 0.14420814479638008