5 0.5366412213740458 0.7321702838063439 0.09052162849872775 0.195559265442404
5 0.44305343511450385 0.7309849749582638 0.09964376590330788 0.2027212020033389
6 0.34402035623409666 0.7262103505843072 0.09786259541984733 0.22180300500834726
6 0.6347709923664122 0.7202504173622705 0.10865139949109416 0.21464106844741235
4 0.2549745547073791 0.6880467445742905 0.0833587786259542 0.2694991652754591
4 0.7401653944020355 0.6737395659432387 0.09044529262086515 0.2599499165275459
1 0.8083078880407125 0.58669449081803 0.10314249363867684 0.2861936560934892
1 0.180470737913486 0.6045742904841402 0.09428753180661578 0.2694991652754591
3 0.8655470737913487 0.48414023372287146 0.09403307888040711 0.25757929883138564
3 0.13595419847328244 0.5056093489148581 0.09611959287531806 0.25280467445742905
0 0.9300636132315522 0.3493989983305509 0.0994529262086514 0.3028881469115192
0 0.09235368956743004 0.3768113522537563 0.07795165394402036 0.2909682804674457
2 0.9473282442748092 0.138330550918197 0.0649236641221374 0.17647746243739565
2 0.07510178117048347 0.20390651085141903 0.10193384223918575 0.2742737896494157