5 0.5676587795765877 0.2476780185758514 0.15190535491905355 0.4609597523219814
5 0.4182565379825654 0.2545510835913313 0.14919053549190536 0.45408668730650154
6 0.2889041095890411 0.2631578947368421 0.10635118306351184 0.4024767801857585
6 0.6963511830635117 0.24941176470588236 0.10270236612702366 0.41622291021671826
4 0.20175591531755915 0.28207430340557277 0.07595267745952677 0.41278637770897836
4 0.7876463262764632 0.28380804953560373 0.08059775840597758 0.3887306501547988
1 0.8505977584059775 0.29411764705882354 0.04880448318804483 0.34055727554179566
1 0.13534246575342468 0.29928792569659446 0.056612702366127025 0.3646439628482972
3 0.8955541718555418 0.2923839009287926 0.03912826899128269 0.35086687306501546
3 0.08415940224159402 0.28724458204334363 0.048331257783312584 0.34055727554179566
0 0.93359900373599 0.3061609907120743 0.03775840597758406 0.3164705882352941
0 0.04819427148194272 0.2906811145510836 0.04280199252801992 0.28551083591331267
2 0.9619676214196763 0.2889473684210526 0.02809464508094645 0.28207430340557277
2 0.018891656288916564 0.24594427244582043 0.03778331257783313 0.2786377708978328
5 0.5441469489414694 0.7447678018575852 0.09104607721046078 0.4231269349845201
5 0.4500747198007472 0.7447678018575852 0.0938480697384807 0.4231269349845201
6 0.3587671232876712 0.7413003095975232 0.08834371108343711 0.4231269349845201
6 0.6333997509339975 0.753343653250774 0.08745952677459527 0.4196904024767802
4 0.7205354919053549 0.7361609907120743 0.08958904109589041 0.42656346749226004
4 0.2736861768368618 0.7395975232198142 0.07869240348692404 0.4403095975232198
1 0.7924782067247821 0.7258204334365325 0.07572851805728519 0.3646439628482972
1 0.20452054794520547 0.7309907120743034 0.08148194271481944 0.39560371517027865
3 0.8450560398505604 0.6983281733746131 0.053574097135740975 0.27520123839009286
3 0.14156911581569118 0.7223839009287926 0.0690535491905355 0.35086687306501546
0 0.9142341220423412 0.6862848297213622 0.06542963885429638 0.2579876160990712
0 0.08415940224159402 0.700030959752322 0.07046077210460772 0.3061609907120743
2 0.9529638854296388 0.5916718266253871 0.04800747198007472 0.19950464396284828
2 0.04473225404732254 0.6019814241486068 0.0524906600249066 0.22702786377708978