5 0.5567666666666666 0.4641414141414142 0.12823333333333334 0.278989898989899
5 0.4250333333333334 0.462979797979798 0.13146666666666665 0.27656565656565657
6 0.6718333333333334 0.44494949494949493 0.09873333333333334 0.2549494949494949
6 0.31156666666666666 0.44494949494949493 0.09816666666666667 0.2405050505050505
4 0.7527666666666667 0.4437373737373737 0.06703333333333333 0.25252525252525254
4 0.2227 0.4208585858585859 0.07283333333333333 0.2501010101010101
1 0.8067333333333334 0.43287878787878786 0.04483333333333333 0.2453030303030303
1 0.15763333333333332 0.4124747474747475 0.06013333333333333 0.21404040404040406
3 0.8416333333333333 0.4280808080808081 0.028966666666666665 0.21161616161616162
3 0.10843333333333334 0.39924242424242423 0.041133333333333334 0.177979797979798
5 0.5186666666666666 0.6938383838383838 0.08123333333333334 0.20444444444444443
5 0.43456666666666666 0.695050505050505 0.08753333333333334 0.19722222222222222
6 0.6012000000000001 0.6926262626262626 0.08126666666666667 0.21161616161616162
6 0.3480666666666667 0.6625757575757576 0.0859 0.20444444444444443
4 0.6845333333333333 0.6866161616161616 0.08603333333333332 0.22848484848484849
4 0.2703 0.6288888888888888 0.06683333333333334 0.1852020202020202
1 0.7543666666666666 0.6493434343434343 0.051166666666666666 0.15873737373737373
1 0.2068333333333333 0.6036363636363636 0.057300000000000004 0.16353535353535356
3 0.8003666666666667 0.6337373737373737 0.0385 0.15151515151515152
3 0.1513 0.588030303030303 0.0541 0.15151515151515152
0 0.8368666666666666 0.6060606060606061 0.035333333333333335 0.1394949494949495
0 0.1013 0.5338888888888889 0.05223333333333333 0.12025252525252525