5 0.5722576687116564 0.42474006116207946 0.15647852760736197 0.5096941896024464
5 0.41277300613496937 0.43152905198776764 0.1619877300613497 0.502874617737003
6 0.6990429447852761 0.40944954128440364 0.0970920245398773 0.47911314984709474
6 0.2785153374233129 0.3924464831804282 0.10888343558282208 0.4383180428134557
4 0.7944539877300614 0.36357798165137617 0.09440490797546013 0.502874617737003
4 0.18242944785276075 0.3890519877675841 0.08029447852760736 0.45871559633027525
1 0.8694233128834357 0.3618654434250764 0.05354601226993865 0.36357798165137617
1 0.10882208588957056 0.3771559633027523 0.06668711656441718 0.33299694189602447
3 0.913042944785276 0.3159938837920489 0.03447852760736197 0.28541284403669726
3 0.05634355828220859 0.36525993883792046 0.04899386503067485 0.32281345565749237
0 0.9443926380368097 0.2531498470948012 0.031766871165644174 0.25483180428134555
0 0.017496932515337422 0.30241590214067277 0.025828220858895707 0.20388379204892967
2 0.9771042944785276 0.205565749235474 0.029042944785276074 0.1936697247706422
5 0.5497791411042945 0.7560244648318043 0.09566871165644171 0.3159938837920489
5 0.45369325153374235 0.757737003058104 0.09154601226993865 0.3262079510703364
6 0.6479263803680981 0.7696330275229357 0.09842944785276074 0.32281345565749237
6 0.3569079754601227 0.7526299694189603 0.09695705521472392 0.30920489296636083
4 0.7399263803680981 0.7305504587155963 0.08893251533742332 0.38055045871559634
4 0.26013496932515334 0.698256880733945 0.0914723926380368 0.2956269113149847
1 0.8183067484662576 0.6761773700305811 0.0685153374233129 0.29223241590214066
1 0.17970552147239266 0.6778899082568807 0.0696319018404908 0.2276452599388379
3 0.8741963190184049 0.6354128440366973 0.0549079754601227 0.16990825688073397
3 0.1183680981595092 0.6218042813455658 0.05597546012269938 0.1630886850152905
0 0.9287116564417177 0.5351681957186545 0.06038036809815951 0.23446483180428135
0 0.05771779141104295 0.5759327217125383 0.06549693251533743 0.173302752293578
2 0.9757423312883435 0.4434250764525994 0.03722699386503067 0.1936697247706422