5 0.5939716312056738 0.45978056426332287 0.1879432624113475 0.5329153605015674
5 0.4089787234042553 0.4702194357366771 0.18439716312056736 0.5172413793103449
5 0.549049645390071 0.8163636363636364 0.09337588652482269 0.17501567398119122
5 0.4444397163120567 0.8072100313479624 0.08982978723404256 0.16197492163009405
6 0.2570921985815603 0.4179623824451411 0.11939007092198582 0.4649843260188088
6 0.3433758865248227 0.7627899686520376 0.09574468085106383 0.22467084639498433
6 0.6524822695035462 0.8058934169278996 0.1087517730496454 0.3004075235109718
6 0.7452765957446807 0.4257993730407524 0.11702127659574468 0.4754545454545454
4 0.16429787234042553 0.3578996865203762 0.0685531914893617 0.4179623824451411
4 0.24408510638297873 0.7575862068965517 0.10046808510638297 0.28213166144200624
4 0.7559148936170212 0.8098119122257053 0.09811347517730497 0.29780564263322884
4 0.8351063829787234 0.3996865203761755 0.06265248226950355 0.44410658307210027
1 0.11170212765957446 0.329153605015674 0.03663829787234042 0.30824451410658305
1 0.1637163120567376 0.6504702194357367 0.057914893617021276 0.17764890282131662
1 0.8888936170212766 0.3774921630094044 0.04727659574468085 0.3317554858934169
1 0.8386524822695035 0.7170846394984326 0.0673758865248227 0.1906896551724138
3 0.9273049645390071 0.3461442006269593 0.031914893617021274 0.26905956112852664
3 0.07801418439716312 0.265141065830721 0.028368794326241134 0.22727272727272727
3 0.11997163120567375 0.5538244514106583 0.03428368794326241 0.14106583072100312
3 0.8930212765957447 0.6308777429467085 0.04373049645390071 0.164576802507837
0 0.9568510638297872 0.3213166144200627 0.03428368794326241 0.17764890282131662
0 0.05082269503546099 0.2129153605015674 0.026 0.17501567398119122
0 0.08156028368794327 0.4702194357366771 0.04018439716312056 0.14106583072100312
0 0.9314468085106382 0.5499059561128526 0.03782978723404255 0.13322884012539185