5 0.5629769736842105 0.3851136363636364 0.13814144736842104 0.4419318181818182
5 0.4218421052631579 0.38037878787878787 0.1464144736842105 0.43875
5 0.5479111842105263 0.7449621212121211 0.08332236842105263 0.27147727272727273
5 0.4656907894736842 0.7275757575757577 0.08335526315789474 0.2556818181818182
6 0.6822203947368422 0.3835227272727273 0.10036184210526317 0.41352272727272726
6 0.30194078947368425 0.38666666666666666 0.09300986842105263 0.40087121212121213
6 0.37799342105263156 0.7417803030303031 0.08886513157894738 0.2777651515151515
6 0.6308223684210527 0.7181060606060606 0.07644736842105262 0.24306818181818182
4 0.7671710526315789 0.40087121212121213 0.06679276315789473 0.4166666666666667
4 0.2169736842105263 0.3771969696969697 0.07386513157894736 0.44507575757575757
4 0.2854934210526316 0.7575757575757576 0.0902796052631579 0.32829545454545456
4 0.7150986842105262 0.7354924242424242 0.08875 0.29041666666666666
1 0.8233717105263159 0.4182575757575758 0.0428453947368421 0.3251136363636364
1 0.16353618421052632 0.42613636363636365 0.03550986842105263 0.32829545454545456
1 0.20601973684210528 0.7386363636363636 0.06289473684210527 0.2840909090909091
1 0.7918421052631579 0.7749242424242425 0.06131578947368421 0.3188257575757576
3 0.8631085526315789 0.42140151515151514 0.03463815789473684 0.26829545454545456
3 0.12379934210526315 0.38984848484848483 0.043750000000000004 0.3377651515151515
3 0.16695723684210528 0.7023484848484848 0.05057565789473684 0.20518939393939395
3 0.8322697368421053 0.6692045454545454 0.03799342105263158 0.17678030303030304
0 0.9000986842105263 0.38193181818181815 0.04287828947368421 0.25882575757575754
0 0.09432565789473685 0.3409090909090909 0.045131578947368425 0.3724621212121212
0 0.12241776315789475 0.6960227272727273 0.054703947368421046 0.2620075757575758
0 0.8733717105263158 0.6470833333333333 0.043470394736842104 0.18306818181818182
2 0.9391447368421053 0.32196969696969696 0.03796052631578947 0.2777651515151515
2 0.06006578947368422 0.3456439393939394 0.020476973684210524 0.2746212121212121
2 0.07720394736842105 0.6297348484848485 0.04924342105263158 0.14837121212121213
2 0.9117434210526316 0.5792424242424242 0.046184210526315786 0.12943181818181818