5 0.5442317073170732 0.8850226928895613 0.07886585365853659 0.12606656580937972
5 0.45990243902439026 0.8799848714069591 0.0890609756097561 0.13111951588502269
6 0.3755609756097561 0.8572919818456883 0.0789390243902439 0.13111951588502269
6 0.6224634146341463 0.8610741301059001 0.07680487804878049 0.1336308623298033
4 0.6935975609756098 0.7992889561270803 0.10117073170731707 0.1462481089258699
4 0.3003780487804878 0.7980332829046899 0.10740243902439024 0.1386838124054463
1 0.7606463414634147 0.694659606656581 0.12552439024390244 0.16388804841149773
1 0.24146341463414633 0.6870953101361573 0.12017073170731708 0.14875945537065052
3 0.7992560975609756 0.5471558245083208 0.13770731707317074 0.1664145234493192
3 0.1998048780487805 0.5395915279878971 0.1425 0.1664145234493192
0 0.8561585365853658 0.3769591527987897 0.17426829268292685 0.2344931921331316
0 0.15103658536585365 0.3693948562783661 0.1831219512195122 0.22945537065052948
2 0.8937560975609756 0.15632375189107411 0.17628048780487807 0.21683812405446296
2 0.1093780487804878 0.14875945537065052 0.18108536585365856 0.23196671709531017