5 0.518288770053476 0.12915129151291513 0.11550802139037433 0.1451291512915129
5 0.4086898395721925 0.1377490774907749 0.10307486631016043 0.16236162361623616
6 0.5958288770053476 0.17590405904059042 0.08946524064171123 0.15007380073800738
6 0.32850267379679143 0.19804428044280442 0.0817379679144385 0.15498154981549817
4 0.6626737967914439 0.2792250922509225 0.10909090909090909 0.15988929889298892
4 0.27502673796791444 0.30749077490774906 0.11026737967914439 0.14760147601476015
1 0.7009893048128343 0.4120664206642066 0.12871657754010696 0.15007380073800738
1 0.238475935828877 0.4378966789667897 0.1263101604278075 0.1377490774907749
3 0.7366310160427807 0.5325830258302583 0.12516042780748662 0.14022140221402213
3 0.2081818181818182 0.5559778597785977 0.12989304812834224 0.1377490774907749
0 0.7820855614973262 0.6801845018450184 0.1554812834224599 0.21892988929889298
0 0.18323529411764705 0.7170848708487085 0.15483957219251335 0.2140221402214022
2 0.15561497326203208 0.884391143911439 0.14951871657754012 0.18940959409594096
2 0.8266310160427808 0.8487084870848709 0.14836898395721926 0.2066420664206642