5 0.5762603305785124 0.3277777777777778 0.1443388429752066 0.3388888888888889
5 0.4251859504132231 0.32639999999999997 0.15473140495867768 0.3750222222222222
6 0.7008471074380165 0.3013777777777778 0.09911157024793388 0.33053333333333335
6 0.29543388429752065 0.2972444444444444 0.10700413223140495 0.3611111111111111
4 0.7931611570247934 0.2764 0.0874586776859504 0.3750222222222222
4 0.19731404958677687 0.29306666666666664 0.08638429752066117 0.38613333333333333
1 0.8506198347107438 0.3139111111111111 0.04555785123966942 0.25555555555555554
1 0.14762396694214877 0.3333333333333333 0.04380165289256198 0.2833333333333333
3 0.8809710743801653 0.35973333333333335 0.04169421487603306 0.2305777777777778
3 0.12179752066115702 0.3639111111111111 0.033471074380165285 0.23333333333333334
0 0.9087190082644628 0.35417777777777776 0.030082644628099175 0.19724444444444444
0 0.09016528925619835 0.3472444444444444 0.03477272727272727 0.2222222222222222
2 0.06822314049586778 0.29306666666666664 0.0218801652892562 0.16946666666666668
5 0.5601239669421488 0.7166666666666667 0.09398760330578512 0.28888888888888886
5 0.46456611570247935 0.7180444444444445 0.09661157024793388 0.2916888888888889
6 0.36452479338842975 0.7305777777777778 0.103099173553719 0.3277777777777778
6 0.6595247933884297 0.7013777777777778 0.0965495867768595 0.2860888888888889
4 0.744090909090909 0.7347111111111111 0.07198347107438018 0.3472
4 0.2722107438016529 0.7680444444444444 0.08119834710743801 0.36386666666666667
1 0.7957438016528925 0.7041777777777778 0.0590495867768595 0.2694666666666667
1 0.21022727272727273 0.7486222222222222 0.052809917355371896 0.2805777777777778
3 0.8344834710743801 0.7152888888888889 0.0409504132231405 0.2750222222222222
3 0.16504132231404958 0.7597333333333334 0.05024793388429752 0.2750222222222222
0 0.8770867768595041 0.6402666666666667 0.07192148760330579 0.25275555555555557
0 0.11921487603305786 0.6402666666666667 0.059297520661157024 0.2194222222222222
2 0.11210743801652892 0.5152888888888889 0.05026859504132231 0.1028
2 0.8964462809917355 0.4888888888888889 0.0468595041322314 0.08888888888888889