5 0.5742801047120419 0.4395424836601307 0.145 0.4934640522875817
5 0.4290183246073298 0.4477124183006536 0.14767015706806283 0.48366013071895425
6 0.3112434554973822 0.44281045751633985 0.08489528795811518 0.4084967320261438
6 0.6914267015706806 0.4199346405228758 0.08667539267015707 0.4084967320261438
4 0.778455497382199 0.36764705882352944 0.08540575916230367 0.4411764705882353
4 0.23272251308900524 0.380718954248366 0.0718455497382199 0.46078431372549017
1 0.8393062827225131 0.37745098039215685 0.055327225130890056 0.3431372549019608
1 0.16467277486910994 0.369281045751634 0.06663612565445026 0.40522875816993464
3 0.8942670157068063 0.37254901960784315 0.05272251308900524 0.3464052287581699
3 0.11494764397905759 0.35947712418300654 0.04047120418848168 0.32679738562091504
0 0.9446465968586388 0.35947712418300654 0.05929319371727748 0.2679738562091503
0 0.07111256544502617 0.33986928104575165 0.04965968586387434 0.26143790849673204
5 0.5481151832460733 0.8137254901960784 0.08480366492146597 0.32679738562091504
5 0.4637041884816754 0.8104575163398693 0.0756806282722513 0.32679738562091504
6 0.3838743455497382 0.795751633986928 0.07832460732984294 0.31699346405228757
6 0.6331675392670157 0.7924836601307189 0.08215968586387434 0.3431372549019608
4 0.7116884816753927 0.7581699346405228 0.07428010471204188 0.35947712418300654
4 0.30600785340314135 0.7810457516339869 0.07443717277486911 0.35294117647058826
1 0.7830235602094241 0.7238562091503268 0.07100785340314136 0.3562091503267974
1 0.23272251308900524 0.7091503267973857 0.06922774869109947 0.30718954248366015
3 0.8464921465968587 0.6683006535947712 0.05140052356020943 0.2973856209150327
3 0.16794502617801046 0.6813725490196079 0.057473821989528794 0.3104575163398693
0 0.9073429319371729 0.5915032679738562 0.06319371727748692 0.2222222222222222
0 0.11167539267015705 0.5833333333333334 0.0574869109947644 0.21241830065359477