5 0.607459324155194 0.12224832214765101 0.15158948685857324 0.20614093959731544
5 0.4519399249061327 0.10786912751677853 0.15521902377972466 0.19654362416107382
6 0.7227784730913642 0.19654362416107382 0.125531914893617 0.17258389261744966
6 0.33216520650813514 0.15580536912751677 0.1195118898623279 0.18216442953020134
4 0.7898247809762203 0.3008221476510067 0.14523153942428035 0.1941442953020134
4 0.2561952440550688 0.2588758389261745 0.13205256570713392 0.20614093959731544
1 0.8336170212765956 0.4590100671140939 0.15775969962453065 0.18456375838926176
1 0.1971964956195244 0.39669463087248324 0.14637046307884857 0.17976510067114093
3 0.8640050062578223 0.6028355704697987 0.15061326658322904 0.16058724832214763
3 0.15250312891113893 0.5333221476510067 0.15712140175219025 0.17018456375838928
0 0.8979724655819775 0.7658221476510068 0.16851063829787233 0.23249999999999998
0 0.11943679599499375 0.6939093959731544 0.18752190237797248 0.22291946308724833
2 0.09351689612015018 0.8581040268456376 0.15714643304130163 0.20134228187919462