5 0.5770306748466257 0.3608045977011494 0.1633006134969325 0.4916954022988506
5 0.41823312883435587 0.368764367816092 0.1592638036809816 0.4885057471264368
6 0.28397546012269936 0.35120689655172416 0.10069938650306748 0.39591954022988507
6 0.7065398773006135 0.35758620689655174 0.09574233128834356 0.40229885057471265
4 0.7937791411042944 0.3320689655172414 0.08213496932515336 0.45339080459770115
4 0.19537423312883434 0.3129022988505747 0.0816564417177914 0.42784482758620684
1 0.8435214723926381 0.3336494252873563 0.053533742331288346 0.34163793103448276
1 0.1401717791411043 0.3065229885057471 0.05577914110429448 0.338448275862069
3 0.8857791411042945 0.29692528735632184 0.034466257668711656 0.28097701149425286
3 0.10541104294478527 0.2841666666666667 0.04352147239263804 0.293735632183908
0 0.9239509202453987 0.2410632183908046 0.03992638036809816 0.220316091954023
0 0.06656441717791411 0.23468390804597702 0.042171779141104294 0.25862068965517243
2 0.9621104294478527 0.16284482758620691 0.03995092024539878 0.19795977011494253
2 0.029079754601226995 0.1452873563218391 0.03265030674846626 0.19477011494252874
5 0.5429570552147239 0.8109770114942529 0.09515337423312883 0.3129022988505747
5 0.44753374233128834 0.8205747126436782 0.10063803680981595 0.338448275862069
6 0.349398773006135 0.7950287356321839 0.09795092024539877 0.3320689655172414
6 0.6404171779141105 0.8221551724137931 0.09375460122699386 0.34163793103448276
4 0.7256073619631902 0.7966091954022989 0.076 0.3735632183908046
4 0.2648957055214724 0.7822413793103449 0.0707239263803681 0.39591954022988507
1 0.7876319018404907 0.7710632183908046 0.07461349693251534 0.3352586206896552
1 0.20355828220858896 0.7279597701149426 0.07347239263803682 0.28735632183908044
3 0.8360122699386503 0.7120114942528736 0.06233128834355828 0.28097701149425286
3 0.15788957055214725 0.6880459770114943 0.05304294478527607 0.265
0 0.8973619631901841 0.6385632183908045 0.0658159509202454 0.2554310344827586
0 0.102 0.6114367816091955 0.08305521472392638 0.265
2 0.9409815950920245 0.5124425287356322 0.0740122699386503 0.17560344827586208
2 0.05974233128834355 0.4980747126436782 0.06671165644171778 0.2107183908045977