5 0.6244 0.529688581314879 0.15085217391304348 0.3832871972318339
5 0.46591304347826085 0.5336678200692041 0.16561739130434783 0.3752941176470588
6 0.757495652173913 0.5057093425605537 0.11201739130434782 0.35667820069204154
6 0.3227826086956522 0.47512110726643597 0.12020869565217392 0.3326989619377163
4 0.8498086956521739 0.419204152249135 0.07526956521739131 0.2688235294117647
4 0.21511304347826088 0.4098961937716263 0.09215652173913044 0.31941176470588234
1 0.9079826086956523 0.3620069204152249 0.04453913043478261 0.21294117647058824
1 0.13286956521739132 0.35799307958477505 0.07212173913043478 0.26349480968858136
3 0.9454260869565217 0.29678200692041523 0.036521739130434785 0.18899653979238754
3 0.06598260869565217 0.29280276816608997 0.061443478260869565 0.2608304498269896
0 0.019843478260869567 0.22622837370242213 0.03337391304347826 0.17034602076124566
5 0.5608695652173913 0.7639100346020762 0.09335652173913044 0.21294117647058824
5 0.4625739130434783 0.7572664359861592 0.09740869565217392 0.20494809688581314
6 0.6632 0.7373010380622838 0.0946608695652174 0.21294117647058824
6 0.3629217391304348 0.7373010380622838 0.10413913043478261 0.21826989619377163
4 0.7588347826086956 0.7412802768166089 0.09328695652173913 0.2741522491349481
4 0.26059130434782607 0.6947058823529412 0.09749565217391305 0.3247404844290657
1 0.8397565217391305 0.6334948096885814 0.07052173913043477 0.1596885813148789
1 0.1716521739130435 0.6015570934256055 0.08281739130434781 0.20761245674740483
0 0.9006260869565218 0.5562975778546713 0.04586086956521739 0.17567474048442908
0 0.09139130434782608 0.5336678200692041 0.07749565217391305 0.20494809688581314
2 0.03455652173913044 0.41522491349480967 0.05476521739130435 0.1384083044982699