5 0.5755659121171771 0.28378378378378377 0.15683089214380827 0.3945945945945946
5 0.4198002663115845 0.27837837837837837 0.15422103861517975 0.41621621621621624
6 0.7047270306258322 0.2756756756756757 0.10415446071904128 0.3945945945945946
6 0.28866844207723036 0.28243243243243243 0.10500665778961385 0.35405405405405405
4 0.7979094540612517 0.2554054054054054 0.08288948069241012 0.3972972972972973
4 0.19415446071904127 0.23648648648648649 0.07310252996005326 0.4081081081081081
1 0.8604793608521971 0.22837837837837838 0.04829560585885487 0.3108108108108108
1 0.14090545938748333 0.23513513513513515 0.051810918774966706 0.2972972972972973
3 0.9030892143808256 0.21621621621621623 0.040332889480692406 0.21621621621621623
3 0.09163781624500665 0.1972972972972973 0.046511318242343544 0.2
0 0.9510119840213049 0.18513513513513513 0.053661784287616504 0.21351351351351353
0 0.046378162450066575 0.17972972972972973 0.04652463382157124 0.1972972972972973
5 0.5269773635153129 0.7824324324324324 0.09427430093209055 0.3
5 0.43245006657789614 0.7797297297297298 0.09697736351531291 0.3108108108108108
6 0.3386018641810919 0.7608108108108108 0.09300932090545938 0.3108108108108108
6 0.6188415446071904 0.7824324324324324 0.09157123834886817 0.3054054054054054
4 0.2653794940079894 0.7243243243243244 0.06908122503328895 0.32432432432432434
4 0.7033821571238349 0.7608108108108108 0.08488681757656458 0.34864864864864864
1 0.7819174434087883 0.7121621621621622 0.07687083888149134 0.3162162162162162
1 0.19348868175765646 0.7094594594594594 0.0744207723035952 0.3162162162162162
3 0.8251930758988016 0.6351351351351351 0.07818908122503329 0.2594594594594595
3 0.14756324900133155 0.6189189189189189 0.06512649800266311 0.2648648648648649
0 0.8777762982689747 0.5932432432432433 0.0848202396804261 0.24054054054054055
0 0.09896138482023967 0.5459459459459459 0.07978695073235686 0.24324324324324326
2 0.9150599201065247 0.49324324324324326 0.08214380825565912 0.22432432432432434
2 0.060359520639147804 0.4027027027027027 0.07713715046604527 0.16216216216216217