5 0.6276687116564418 0.3510371819960861 0.20822085889570552 0.41340508806262233
5 0.42065030674846626 0.341252446183953 0.205239263803681 0.44275929549902154
6 0.7956196319018404 0.31800391389432486 0.13379141104294479 0.3669275929549902
6 0.245079754601227 0.2837573385518591 0.14549693251533743 0.3913894324853229
4 0.9052515337423312 0.26297455968688843 0.08629447852760735 0.41340508806262233
4 0.12393865030674847 0.2519569471624266 0.09647852760736196 0.3913894324853229
1 0.958159509202454 0.23117416829745596 0.03878527607361963 0.23238747553816047
1 0.04803680981595092 0.24829745596868882 0.0550920245398773 0.26663405088062625
3 0.9895828220858895 0.1528962818003914 0.017938650306748464 0.14921722113502936
3 0.010196319018404908 0.1822504892367906 0.020392638036809817 0.19324853228962818
5 0.573239263803681 0.7167318982387475 0.13003680981595092 0.3131115459882583
5 0.44366871165644167 0.7179647749510764 0.1254846625766871 0.3204500978473581
6 0.31332515337423317 0.7179647749510764 0.1347361963190184 0.3449119373776908
6 0.6974478527607362 0.6959491193737769 0.12386503067484662 0.34001956947162426
4 0.8109325153374233 0.6812720156555773 0.09928834355828221 0.36448140900195697
4 0.18604907975460122 0.7191780821917808 0.11944785276073619 0.36203522504892366
1 0.8822331288343558 0.5687475538160469 0.09159509202453989 0.2519569471624266
1 0.10707975460122698 0.5907632093933464 0.10566871165644172 0.28131115459882583
3 0.9359141104294478 0.4831311154598826 0.04644171779141104 0.13454011741682975
3 0.05647852760736197 0.4904696673189824 0.07808588957055215 0.2079256360078278
0 0.9696441717791411 0.3877299412915851 0.05168098159509202 0.23238747553816047
0 0.027067484662576687 0.3926223091976517 0.05412269938650307 0.17857142857142858