5 0.5835944055944056 0.35 0.17037762237762236 0.4327476038338658
5 0.40813986013986014 0.3630670926517572 0.18309090909090908 0.4530990415335463
5 0.6064895104895105 0.7406389776357827 0.09662937062937063 0.35434504792332266
5 0.5003216783216784 0.724664536741214 0.10552447552447553 0.31076677316293927
6 0.3877902097902098 0.765335463258786 0.11697902097902098 0.3456230031948882
6 0.7177342657342657 0.3369009584664537 0.0979020979020979 0.38338658146964855
6 0.2631888111888112 0.3761341853035144 0.1067972027972028 0.374664536741214
6 0.7075664335664336 0.6970607028753993 0.0979020979020979 0.3369009584664537
4 0.1551188811188811 0.38920127795527154 0.11188811188811189 0.35434504792332266
4 0.2708251748251748 0.7595207667731629 0.11697902097902098 0.38629392971246007
4 0.8194545454545454 0.320926517571885 0.10552447552447553 0.3572523961661342
4 0.7921118881118882 0.6694888178913738 0.0712027972027972 0.3282108626198083
1 0.06548251748251749 0.38920127795527154 0.06738461538461539 0.3253035143769968
1 0.16211188811188812 0.7319169329073483 0.09535664335664337 0.3253035143769968
1 0.8645874125874126 0.62444089456869 0.0712027972027972 0.29626198083067096
1 0.8957342657342658 0.3093290734824281 0.04704895104895105 0.2991693290734824
3 0.02097902097902098 0.3935463258785943 0.04195804195804196 0.26431309904153355
3 0.07819580419580419 0.6839936102236421 0.06993006993006994 0.26431309904153355
3 0.9497762237762238 0.28172523961661344 0.061034965034965034 0.3078594249201278
3 0.9326153846153847 0.5924920127795527 0.059762237762237755 0.3136741214057508
0 0.025426573426573427 0.6491373801916933 0.050853146853146854 0.22945686900958465
0 0.9796503496503497 0.5547603833865814 0.03433566433566434 0.23236421725239617