5 0.6012654320987655 0.337979797979798 0.14126543209876544 0.4118181818181818
5 0.4582098765432099 0.337979797979798 0.14483024691358024 0.417003367003367
5 0.5769290123456791 0.7277777777777777 0.08546296296296296 0.30562289562289563
5 0.4896759259259259 0.7342760942760943 0.08902777777777778 0.3185858585858586
6 0.33654320987654324 0.32245791245791244 0.09615740740740741 0.3548148148148148
6 0.3958950617283951 0.7394612794612795 0.09615740740740741 0.32373737373737377
6 0.6724845679012346 0.7251851851851852 0.09140432098765432 0.3315151515151515
6 0.7170061728395062 0.2991582491582491 0.09021604938271605 0.3807407407407407
4 0.24868827160493828 0.3069023569023569 0.07953703703703703 0.3807407407407407
4 0.3068672839506173 0.7368686868686869 0.07953703703703703 0.3444781144781145
4 0.7567592592592592 0.7096632996632997 0.07716049382716049 0.3625925925925926
4 0.7989043209876544 0.2603030303030303 0.07121913580246914 0.36518518518518517
1 0.19171296296296297 0.3289225589225589 0.05816358024691358 0.2538047138047138
1 0.8458024691358025 0.2797306397306397 0.03680555555555556 0.23828282828282826
1 0.23444444444444443 0.6954208754208754 0.06291666666666668 0.27713804713804713
1 0.8143364197530865 0.6449158249158249 0.05935185185185185 0.2745454545454546
3 0.15373456790123458 0.3134006734006734 0.04154320987654321 0.21239057239057238
3 0.8748765432098765 0.2628956228956229 0.021373456790123455 0.214983164983165
0 0.12345679012345678 0.2913804713804714 0.018996913580246914 0.17872053872053872
0 0.8926851851851852 0.24215488215488215 0.014243827160493827 0.16316498316498318
2 0.1032716049382716 0.2978451178451178 0.018996913580246914 0.11912457912457913
3 0.18280864197530863 0.6513804713804714 0.04273148148148148 0.2356902356902357
3 0.8475771604938271 0.6060606060606061 0.04273148148148148 0.24346801346801347
0 0.15016975308641975 0.6267676767676768 0.04391975308641975 0.16575757575757574
0 0.8784413580246914 0.6008754208754209 0.021373456790123455 0.19164983164983165
2 0.1287962962962963 0.5296632996632997 0.04391975308641975 0.1839057239057239