5 0.61405 0.35942028985507246 0.1447 0.43478260869565216
5 0.4672 0.36666666666666664 0.1485125 0.42028985507246375
6 0.3453625 0.35797101449275365 0.0998125 0.3565217391304348
6 0.7302875 0.4057971014492754 0.08717499999999999 0.34782608695652173
4 0.8121625 0.3695652173913043 0.071575 0.36231884057971014
4 0.24725000000000003 0.32318840579710145 0.09359999999999999 0.34492753623188405
1 0.850275 0.3695652173913043 0.03785 0.23478260869565218
1 0.1697625 0.30434782608695654 0.0611375 0.25507246376811593
3 0.8790250000000001 0.35942028985507246 0.032862499999999996 0.19130434782608696
3 0.121025 0.30869565217391304 0.0511625 0.21739130434782608
0 0.9027625 0.3115942028985507 0.025375 0.13623188405797101
0 0.0691625 0.2855072463768116 0.052425 0.2
2 0.02605 0.2 0.0362 0.15072463768115943
5 0.5846875 0.7623188405797101 0.08347500000000001 0.25507246376811593
5 0.49595 0.7768115942028986 0.0910125 0.2608695652173913
6 0.40159999999999996 0.7565217391304347 0.09480000000000001 0.25507246376811593
6 0.66405 0.7579710144927536 0.0722 0.2811594202898551
4 0.3153625 0.755072463768116 0.077325 0.25217391304347825
4 0.7359125 0.7434782608695653 0.065925 0.2753623188405797
1 0.8009000000000001 0.7652173913043478 0.060899999999999996 0.2492753623188406
1 0.237875 0.7695652173913043 0.07985 0.2753623188405797
3 0.839025 0.7260869565217392 0.0496375 0.21159420289855072
3 0.1741375 0.7347826086956522 0.074875 0.21739130434782608
0 0.8690125000000001 0.6826086956521739 0.069625 0.21739130434782608
0 0.10665 0.6942028985507246 0.0824 0.22318840579710145
2 0.8796375000000001 0.5420289855072464 0.053375000000000006 0.13333333333333333
2 0.0672875 0.5521739130434783 0.051175 0.17681159420289855