5 0.5689771197846568 0.3162162162162162 0.1921534320323015 0.4486486486486487
5 0.3792328398384926 0.31891891891891894 0.1868506056527591 0.4810810810810811
6 0.727792732166891 0.30675675675675673 0.12278600269179005 0.4243243243243243
6 0.23458950201884254 0.32297297297297295 0.10481830417227456 0.4135135135135135
4 0.8206325706594886 0.3918918918918919 0.1066621803499327 0.3621621621621622
4 0.13837146702557201 0.35 0.10889636608344548 0.4135135135135135
1 0.8939703903095559 0.42567567567567566 0.07036339165545087 0.327027027027027
1 0.08185733512786003 0.4283783783783784 0.06585464333781965 0.3
3 0.941063257065949 0.43243243243243246 0.05693135935397039 0.2972972972972973
3 0.04351278600269179 0.42162162162162165 0.0429878869448183 0.2810810810810811
0 0.9720188425302827 0.4527027027027027 0.046164199192462986 0.22972972972972974
5 0.49497981157469717 0.7256756756756757 0.11461641991924629 0.34324324324324323
5 0.3826244952893675 0.7283783783783784 0.1105248990578735 0.34324324324324323
6 0.6167698519515478 0.7391891891891892 0.1267563930013459 0.35945945945945945
6 0.2756258411843876 0.7243243243243244 0.10345895020188425 0.3621621621621622
4 0.7311440107671602 0.7567567567567568 0.10527590847913862 0.41621621621621624
4 0.17741588156123822 0.7486486486486487 0.09026917900403768 0.3675675675675676
1 0.8098654104979812 0.7594594594594595 0.07706594885598923 0.3621621621621622
1 0.1128129205921938 0.7324324324324324 0.055074024226110366 0.2756756756756757
3 0.878492597577389 0.7554054054054054 0.05825033647375505 0.33783783783783783
3 0.06370121130551817 0.754054054054054 0.07258411843876178 0.3081081081081081
0 0.9397173620457605 0.7337837837837838 0.062301480484522206 0.24054054054054055