5 0.5587674714104193 0.2943661971830986 0.12044472681067345 0.37464788732394366
5 0.43744599745870394 0.3084507042253521 0.11921219822109275 0.36338028169014086
6 0.33010165184243967 0.3028169014084507 0.09257941550190597 0.3408450704225352
6 0.6648665819567979 0.29295774647887324 0.08922490470139771 0.35492957746478876
4 0.24053367217280813 0.2704225352112676 0.08371029224904701 0.3436619718309859
4 0.7512579415501907 0.24366197183098592 0.0816264294790343 0.36901408450704226
1 0.809695044472681 0.21971830985915494 0.053697585768742055 0.28732394366197184
1 0.17383735705209657 0.21267605633802816 0.05706480304955527 0.3352112676056338
3 0.8503430749682338 0.2112676056338028 0.03593392630241423 0.24788732394366197
3 0.1338246505717916 0.1732394366197183 0.022770012706480307 0.30140845070422534
0 0.8808386277001271 0.17746478873239438 0.046111817026683606 0.24788732394366197
0 0.10459974587039389 0.14366197183098592 0.035489199491740786 0.22535211267605634
2 0.9227573062261754 0.12816901408450704 0.03850063532401525 0.2056338028169014
2 0.07348157560355781 0.08450704225352113 0.02914866581956798 0.1352112676056338
5 0.5276493011435832 0.7943661971830986 0.07852604828462516 0.28169014084507044
5 0.44824650571791613 0.8140845070422535 0.08490470139771282 0.3154929577464789
6 0.3637611181702668 0.8126760563380282 0.08875476493011435 0.30704225352112674
6 0.6083227445997459 0.7971830985915493 0.08485387547649301 0.3211267605633803
4 0.6940660736975858 0.7873239436619718 0.0835451080050826 0.352112676056338
4 0.27484116899618805 0.8014084507042254 0.08878017789072427 0.3408450704225352
1 0.7556925031766201 0.7985915492957747 0.0746251588310038 0.323943661971831
1 0.20623888182973316 0.7901408450704225 0.07355781448538755 0.2676056338028169
3 0.8103176620076239 0.752112676056338 0.06444726810673443 0.28169014084507044
3 0.16176620076238882 0.7309859154929578 0.06341804320203304 0.23943661971830985
0 0.8592249047013978 0.6577464788732394 0.058081321473951716 0.24507042253521127
0 0.10523506988564167 0.6422535211267606 0.08503176620076239 0.30422535211267604
2 0.9087801778907243 0.5676056338028169 0.0580559085133418 0.30140845070422534
2 0.04552731893265565 0.4943661971830986 0.07235069885641678 0.27887323943661974