5 0.5907912687585266 0.3569683257918552 0.15882673942701228 0.2966289592760181
5 0.43166439290586633 0.3670135746606335 0.158881309686221 0.2966289592760181
6 0.7173669849931787 0.34941176470588237 0.09432469304229195 0.24133484162895927
6 0.30285129604365624 0.3720361990950226 0.09527967257844475 0.22122171945701358
4 0.8083083219645294 0.3531900452488688 0.08829467939972714 0.22373303167420813
4 0.21570259208731243 0.39592760180995473 0.08470668485675308 0.19357466063348416
1 0.8689222373806275 0.3645022624434389 0.04890859481582538 0.1709502262443439
1 0.14826739427012278 0.38334841628959276 0.05290586630286494 0.18350678733031675
3 0.905293315143247 0.38083710407239824 0.039822646657571625 0.13323529411764706
3 0.08915416098226465 0.3720361990950226 0.05291950886766712 0.1457918552036199
0 0.9507639836289222 0.36072398190045246 0.048935879945429736 0.13323529411764706
5 0.5521555252387449 0.6636425339366515 0.09669849931787175 0.23126696832579186
5 0.45136425648021833 0.667420814479638 0.10432469304229194 0.24384615384615385
6 0.6453751705320601 0.6649095022624434 0.0927694406548431 0.2538914027149321
6 0.3483083219645293 0.6711990950226244 0.10132332878581173 0.26144796380090496
4 0.7317598908594816 0.661131221719457 0.08371077762619372 0.23126696832579186
4 0.2573806275579809 0.6812443438914028 0.08317871759890859 0.21619909502262444
1 0.8128512960436562 0.6774660633484163 0.07919508867667122 0.24384615384615385
1 0.1960027285129604 0.6636425339366515 0.06046384720327422 0.14076923076923076
3 0.8863437926330151 0.6762217194570136 0.06255115961800818 0.20613122171945703
3 0.1429604365620737 0.6322171945701357 0.08473396998635743 0.16841628959276017
0 0.9401364256480218 0.6033257918552036 0.08443383356070941 0.1709502262443439
0 0.10128240109140518 0.5656108597285068 0.055948158253751705 0.1457918552036199
2 0.9674215552523875 0.5065384615384615 0.05714870395634379 0.11312217194570136