5 0.5637820512820513 0.39228295819935693 0.1292051282051282 0.4887459807073955
5 0.42726923076923073 0.39389067524115756 0.1331025641025641 0.4919614147909968
6 0.31126923076923074 0.3842443729903537 0.1011025641025641 0.41479099678456594
6 0.6810897435897436 0.3890675241157556 0.09771794871794871 0.42443729903536975
4 0.7631282051282051 0.3408360128617363 0.09261538461538461 0.4694533762057878
4 0.22602564102564104 0.34887459807073956 0.09473076923076923 0.47266881028938906
1 0.8374615384615385 0.3183279742765273 0.0541923076923077 0.39228295819935693
1 0.15105128205128204 0.32636655948553056 0.060141025641025636 0.38263665594855306
3 0.8759230769230769 0.3183279742765273 0.04394871794871795 0.3279742765273312
3 0.1004102564102564 0.3311897106109325 0.0435 0.3215434083601286
0 0.9092435897435898 0.2845659163987138 0.028576923076923076 0.3311897106109325
0 0.054269230769230764 0.29260450160771706 0.04607692307692307 0.2765273311897106
5 0.5458461538461539 0.7781350482315113 0.08562820512820514 0.3408360128617363
5 0.4548333333333333 0.7893890675241158 0.09848717948717949 0.3440514469453376
6 0.3599743589743589 0.7443729903536977 0.09083333333333332 0.3311897106109325
6 0.6374871794871795 0.7508038585209004 0.0920128205128205 0.33762057877813506
4 0.27474358974358976 0.7154340836012861 0.08188461538461538 0.36977491961414793
4 0.7188846153846155 0.7234726688102894 0.06762820512820512 0.3729903536977492
1 0.7791410256410257 0.680064308681672 0.05032051282051282 0.33762057877813506
1 0.21001282051282052 0.6704180064308681 0.04987179487179487 0.3054662379421222
3 0.8233717948717949 0.6672025723472669 0.03880769230769231 0.3054662379421222
3 0.1600128205128205 0.6591639871382636 0.04732051282051282 0.2829581993569132
0 0.8624615384615385 0.657556270096463 0.042666666666666665 0.2861736334405145
0 0.10297435897435897 0.6157556270096463 0.0640128205128205 0.2347266881028939