5 0.5757389162561576 0.3044632768361582 0.12969211822660098 0.3201412429378531
5 0.4430295566502463 0.3028813559322034 0.13522167487684728 0.34211864406779663
5 0.5449630541871922 0.7297457627118643 0.08729064039408867 0.33584745762711865
5 0.4546674876847291 0.7297457627118643 0.08732758620689655 0.3232768361581921
6 0.3260591133004926 0.2840677966101695 0.09559113300492611 0.3232768361581921
6 0.36300492610837437 0.7313276836158191 0.09283251231527093 0.35152542372881357
6 0.6386699507389163 0.7109322033898304 0.09136699507389162 0.3295762711864407
6 0.6892980295566503 0.2966101694915254 0.09407635467980295 0.29189265536723163
4 0.7789039408866996 0.26522598870056496 0.0790024630541872 0.3295762711864407
4 0.2316625615763547 0.26994350282485874 0.09288177339901478 0.35152542372881357
4 0.27407635467980296 0.736045197740113 0.08192118226600985 0.3860734463276836
4 0.7228201970443349 0.701497175141243 0.0762807881773399 0.3672316384180791
1 0.8480049261083744 0.26364406779661015 0.05921182266009852 0.3013276836158192
1 0.15300492610837438 0.27149717514124294 0.0641871921182266 0.3170056497175141
1 0.19678571428571429 0.6858192090395481 0.06964285714285715 0.2981920903954802
1 0.7939532019704434 0.6607062146892655 0.06530788177339901 0.3170056497175141
3 0.8945197044334976 0.268361581920904 0.0345935960591133 0.26677966101694917
3 0.09827586206896552 0.2840677966101695 0.047795566502463055 0.27307909604519776
3 0.14 0.6371751412429378 0.06830049261083744 0.25110169491525425
3 0.8438916256157636 0.6167514124293786 0.058448275862068966 0.26677966101694917
0 0.9307758620689655 0.2526553672316384 0.041453201970443346 0.22912429378531074
0 0.04697044334975369 0.255819209039548 0.054655172413793106 0.22285310734463276
0 0.0845935960591133 0.5728248587570621 0.07789408866995073 0.24796610169491526
0 0.8890394088669951 0.5508474576271186 0.06938423645320198 0.20401129943502824
2 0.9615640394088669 0.1898870056497175 0.023682266009852217 0.19146892655367231
2 0.010480295566502464 0.1898870056497175 0.020948275862068967 0.18519774011299436
2 0.03397783251231527 0.4582485875706215 0.05875615763546798 0.17576271186440678
2 0.9246182266009851 0.480225988700565 0.05294334975369459 0.16322033898305086