5 0.5857213114754098 0.26515151515151514 0.11308196721311477 0.38601731601731604
5 0.4668852459016394 0.2813852813852814 0.11859016393442623 0.3751948051948052
6 0.35900000000000004 0.28320346320346323 0.09678688524590164 0.31385281385281383
6 0.6888688524590164 0.25432900432900435 0.09045901639344263 0.32826839826839826
4 0.2654262295081967 0.25432900432900435 0.08452459016393443 0.37155844155844153
4 0.7680819672131147 0.2399134199134199 0.07137704918032786 0.3499134199134199
1 0.8227213114754098 0.284978354978355 0.04680327868852459 0.3319047619047619
1 0.19850819672131148 0.30662337662337663 0.057229508196721304 0.3319047619047619
3 0.8582295081967213 0.31567099567099566 0.044081967213114755 0.24168831168831167
3 0.14934426229508196 0.3174458874458874 0.049049180327868855 0.2958008658008658
0 0.9012622950819672 0.32826839826839826 0.05639344262295082 0.2886147186147186
0 0.10152459016393442 0.3409090909090909 0.04908196721311476 0.27056277056277056
2 0.9360819672131148 0.3354978354978355 0.04685245901639344 0.21645021645021645
2 0.06124590163934426 0.33731601731601735 0.028606557377049178 0.24168831168831167
5 0.5577213114754098 0.6295238095238095 0.07622950819672131 0.24168831168831167
5 0.4819180327868853 0.6277056277056277 0.07488524590163935 0.24532467532467533
6 0.6362622950819672 0.6241125541125541 0.0720983606557377 0.27415584415584415
6 0.40542622950819673 0.6385281385281385 0.07491803278688525 0.2813852813852814
4 0.708655737704918 0.6385281385281385 0.07752459016393443 0.36796536796536794
4 0.3228032786885246 0.6782251082251082 0.0899672131147541 0.36073593073593074
1 0.7728524590163934 0.6168831168831169 0.06657377049180328 0.2958008658008658
1 0.2551967213114754 0.6385281385281385 0.0749672131147541 0.2813852813852814
3 0.8158852459016394 0.6114718614718615 0.05773770491803278 0.2633333333333333
3 0.2067049180327869 0.6403463203463203 0.07088524590163935 0.2633333333333333
0 0.8609672131147542 0.6312987012987014 0.06321311475409837 0.24532467532467533
0 0.15137704918032788 0.6349350649350649 0.06408196721311477 0.20203463203463204
2 0.9169672131147542 0.6349350649350649 0.04683606557377049 0.23809523809523808
2 0.09947540983606558 0.6024675324675324 0.053180327868852455 0.18757575757575756