5 0.5611925601750547 0.11941732283464566 0.1363894967177243 0.16535433070866143
5 0.4253610503282275 0.1062992125984252 0.1273194748358862 0.16535433070866143
6 0.6742341356673961 0.16272440944881889 0.08165207877461707 0.16272440944881889
6 0.31415754923413564 0.16798425196850394 0.09819474835886215 0.15748031496062992
4 0.7407877461706783 0.2532755905511811 0.11345733041575493 0.1705984251968504
4 0.23393873085339167 0.2559055118110236 0.11280087527352296 0.18110236220472442
1 0.7836433260393874 0.3937007874015748 0.14082056892778994 0.19948031496062993
1 0.19473741794310723 0.38976377952755903 0.1511050328227571 0.18110236220472442
3 0.8237527352297592 0.5249291338582677 0.14083150984682713 0.17847244094488188
3 0.15462800875273525 0.510503937007874 0.1438293216630197 0.17585826771653543
0 0.8511050328227571 0.6837322834645669 0.17001094091903718 0.24933858267716538
0 0.13548140043763676 0.6758582677165355 0.1675382932166302 0.2388503937007874
2 0.9112582056892778 0.8228346456692913 0.15544857768052517 0.2178425196850394
2 0.0826148796498906 0.8175905511811022 0.14932166301969366 0.2335905511811024