5 0.6207995079950799 0.46296666666666664 0.15548585485854857 0.45926666666666666
5 0.4609348093480935 0.46110000000000007 0.16373923739237392 0.4703666666666667
6 0.3236162361623616 0.42406666666666665 0.10777367773677737 0.42593333333333333
6 0.7513161131611317 0.42406666666666665 0.10555965559655596 0.4111
4 0.2177121771217712 0.37593333333333334 0.10097170971709718 0.46296666666666664
4 0.8442312423124232 0.34813333333333335 0.08099630996309963 0.45926666666666666
1 0.9070848708487085 0.2981333333333333 0.042755227552275524 0.35186666666666666
1 0.13573185731857318 0.32406666666666667 0.05728167281672817 0.32963333333333333
3 0.9439852398523986 0.22406666666666666 0.031845018450184504 0.22593333333333335
3 0.0776629766297663 0.23703333333333332 0.061402214022140224 0.2963
0 0.030516605166051657 0.20556666666666668 0.027257072570725707 0.1963
5 0.5627429274292742 0.7592666666666666 0.0858179581795818 0.26666666666666666
5 0.4732349323493235 0.7574 0.0954120541205412 0.2629666666666667
6 0.38305043050430504 0.7277666666666667 0.0845141451414514 0.3
6 0.6508733087330872 0.7370333333333334 0.0898769987699877 0.2963
4 0.7458548585485855 0.7481333333333333 0.0918819188191882 0.3111
4 0.292189421894219 0.7463 0.09685116851168511 0.3592666666666667
1 0.8251045510455104 0.6685333333333333 0.06731857318573185 0.1963
1 0.20268142681426815 0.7185333333333334 0.0818450184501845 0.2740666666666667
3 0.8770233702337024 0.5574 0.037281672816728166 0.17406666666666668
3 0.13436654366543666 0.6037 0.06001230012300123 0.22223333333333334
0 0.07902829028290283 0.49629999999999996 0.061402214022140224 0.2