5 0.5439175257731959 0.39304511278195486 0.14431516936671576 0.40327067669172934
5 0.3986745213549337 0.39473684210526316 0.1430338733431517 0.3998496240601504
6 0.6644035346097201 0.39131578947368423 0.0934020618556701 0.39304511278195486
6 0.28290132547864505 0.3998496240601504 0.08818851251840942 0.37593984962406013
4 0.7500736377025037 0.3742481203007519 0.07462444771723123 0.3520300751879699
4 0.20123711340206182 0.363984962406015 0.07483063328424154 0.386203007518797
1 0.8170103092783505 0.3742481203007519 0.05926362297496318 0.28364661654135337
1 0.14434462444771723 0.39304511278195486 0.05477172312223858 0.2870676691729323
3 0.86519882179676 0.3503007518796993 0.03786450662739323 0.20845864661654137
3 0.103519882179676 0.3725187969924812 0.029351988217967598 0.2118796992481203
0 0.8973343151693667 0.26999999999999996 0.029837997054491902 0.2050751879699248
0 0.07407952871870398 0.3229699248120301 0.02936671575846834 0.19481203007518796
2 0.9274521354933726 0.172593984962406 0.031192930780559645 0.1674812030075188
5 0.5178203240058911 0.7416165413533835 0.09212076583210603 0.35545112781954885
5 0.4241237113402062 0.7535714285714286 0.09483063328424153 0.35883458646616545
6 0.3317525773195876 0.72796992481203 0.0895139911634757 0.34176691729323305
6 0.6115169366715759 0.731390977443609 0.09475699558173785 0.3622556390977444
4 0.7012076583210604 0.6989097744360903 0.081340206185567 0.3520300751879699
4 0.2541089837997054 0.6954887218045113 0.06544918998527245 0.36567669172932327
1 0.7761708394698085 0.6459398496240601 0.06524300441826214 0.2802631578947368
1 0.18718703976435935 0.6544736842105263 0.06814432989690722 0.29048872180451124
3 0.834418262150221 0.6015037593984962 0.06462444771723122 0.23240601503759398
3 0.12829160530191458 0.6271428571428571 0.06815905743740795 0.2358270676691729
0 0.8913107511045656 0.514360902255639 0.08204712812960235 0.228984962406015
0 0.0807658321060383 0.5570676691729324 0.07219440353460972 0.23240601503759398
2 0.9321354933726067 0.363984962406015 0.061973490427098675 0.21530075187969927
2 0.05667157584683358 0.39304511278195486 0.04543446244477173 0.16406015037593985