5 0.5755925432756325 0.2887027027027027 0.15857523302263649 0.3906756756756757
5 0.4164181091877497 0.2727297297297297 0.15736351531291612 0.40786486486486484
5 0.5223302263648468 0.7813243243243243 0.09805592543275632 0.2997567567567567
5 0.42731025299600534 0.7727297297297298 0.08957390146471371 0.30713513513513513
6 0.28749667110519306 0.27518918918918917 0.10046604527296937 0.3587297297297297
6 0.3365246338215712 0.7592162162162163 0.09199733688415447 0.3095945945945946
6 0.6173635153129161 0.7813243243243243 0.09199733688415447 0.3095945945945946
6 0.7069374167776298 0.2665945945945946 0.10167776298268974 0.4004864864864865
4 0.2602529960053262 0.7272702702702702 0.06536617842876166 0.3292432432432432
4 0.7033022636484686 0.7665945945945946 0.08231691078561917 0.3488918918918919
4 0.7983355525965379 0.24937837837837837 0.0811051930758988 0.40540540540540543
4 0.19792276964047933 0.23464864864864862 0.07625832223701731 0.40540540540540543
1 0.7813848202396805 0.7186756756756757 0.07383488681757656 0.3317027027027027
1 0.18944074567243677 0.7100810810810811 0.07383488681757656 0.3292432432432432
3 0.8255659121171771 0.6351351351351351 0.07263648468708389 0.2628918918918919
3 0.14647137150466044 0.6167027027027028 0.07021304926764314 0.26535135135135135
1 0.8618774966711051 0.22235135135135134 0.04841544607190413 0.30713513513513513
1 0.13860186418109188 0.23094594594594595 0.054474034620505984 0.2997567567567567
3 0.9024367509986685 0.21129729729729732 0.037523302263648466 0.21621621621621623
3 0.09139813581890813 0.18797297297297297 0.03994673768308921 0.20883783783783783
0 0.04660452729693742 0.17445945945945945 0.047203728362183756 0.19164864864864864
0 0.95508655126498 0.17200000000000001 0.06536617842876166 0.22605405405405404
0 0.09865512649800266 0.5515945945945946 0.07868175765645806 0.25308108108108107
0 0.8830625832223701 0.5896756756756757 0.07868175765645806 0.2457027027027027
2 0.06234354194407457 0.40294594594594596 0.0811051930758988 0.14743243243243243
2 0.9199866844207722 0.4828108108108108 0.07504660452729693 0.21375675675675676