5 0.620625 0.36086956521739133 0.14625 0.4318840579710145
5 0.47125 0.3695652173913043 0.15 0.4144927536231884
5 0.585 0.763768115942029 0.09 0.263768115942029
5 0.49625 0.7681159420289855 0.09 0.25507246376811593
6 0.345 0.36231884057971014 0.1 0.34782608695652173
6 0.735625 0.4057971014492754 0.08625 0.34202898550724636
6 0.405625 0.755072463768116 0.09375 0.26956521739130435
6 0.669375 0.7536231884057971 0.08125 0.27246376811594203
4 0.815625 0.3782608695652174 0.07625 0.3565217391304348
4 0.246875 0.3173913043478261 0.09375 0.3507246376811594
4 0.3175 0.7594202898550725 0.08 0.26666666666666666
4 0.7425 0.7492753623188406 0.0675 0.26956521739130435
1 0.179375 0.30144927536231886 0.06875 0.27246376811594203
1 0.236875 0.7753623188405797 0.07875 0.26956521739130435
1 0.805625 0.7579710144927536 0.05875 0.2463768115942029
1 0.853125 0.3710144927536232 0.04125 0.23768115942028986
3 0.12125 0.3 0.05 0.2289855072463768
3 0.174375 0.7434782608695653 0.07375 0.2289855072463768
3 0.880625 0.3565217391304348 0.03125 0.20869565217391303
0 0.073125 0.2811594202898551 0.04875 0.19710144927536233
0 0.909375 0.2956521739130435 0.01875 0.10434782608695652
0 0.111875 0.691304347826087 0.08875 0.20579710144927535
3 0.84375 0.7260869565217392 0.045 0.19420289855072465
0 0.873125 0.6811594202898551 0.05625 0.19710144927536233
2 0.02625 0.19710144927536233 0.0475 0.12753623188405797
2 0.07125 0.5420289855072464 0.0475 0.17391304347826086
2 0.881875 0.5492753623188406 0.05125 0.1246376811594203