5 0.5569024651661308 0.11018237082066869 0.1264630225080386 0.17983282674772036
5 0.4220578778135048 0.13297872340425532 0.14259378349410504 0.1646352583586626
6 0.6346195069667738 0.17477203647416414 0.10753483386923901 0.1519756838905775
6 0.32740621650589496 0.20010638297872338 0.10690246516613075 0.14691489361702129
4 0.7212433011789925 0.23682370820668694 0.1164951768488746 0.18490881458966565
4 0.22917470525187567 0.2507598784194529 0.11408360128617363 0.19250759878419454
1 0.7489281886387996 0.4027355623100304 0.13972132904608792 0.16211246200607904
1 0.20416934619506968 0.43059270516717324 0.14981779206859594 0.16717325227963525
3 0.8007288317256164 0.5420516717325228 0.13617363344051447 0.14691489361702129
3 0.15862808145766344 0.5711702127659575 0.1480493033226152 0.1595744680851064
0 0.8293033226152198 0.7256838905775076 0.17189710610932477 0.2406231003039514
0 0.11664523043944265 0.763677811550152 0.17842443729903537 0.2558206686930091
2 0.09433011789924974 0.9343920972644377 0.15878885316184352 0.13120060790273555
2 0.8435584137191854 0.905516717325228 0.14957127545551985 0.17983282674772036