5 0.5495406824146981 0.6313131313131313 0.1375196850393701 0.5016835016835017
5 0.41111548556430444 0.6245791245791246 0.14150918635170603 0.5151515151515151
6 0.28843832020997373 0.5774410774410774 0.10350393700787403 0.5084175084175084
6 0.6702624671916011 0.5993265993265994 0.09811023622047245 0.49158249158249157
4 0.764750656167979 0.5387205387205387 0.08824146981627295 0.5252525252525253
4 0.1985695538057743 0.4898989898989899 0.07335958005249343 0.5622895622895623
1 0.8316666666666667 0.5168350168350169 0.048910761154855646 0.4478114478114478
1 0.13755905511811023 0.46296296296296297 0.05107611548556431 0.468013468013468
3 0.8743044619422573 0.44276094276094274 0.03973753280839895 0.494949494949495
3 0.08965879265091863 0.42592592592592593 0.041902887139107614 0.44107744107744107
0 0.9116929133858268 0.3872053872053872 0.04368766404199475 0.5185185185185185
0 0.05686351706036745 0.36363636363636365 0.03404199475065617 0.4175084175084175
2 0.9385958005249344 0.3501683501683502 0.024015748031496063 0.3771043771043771