5 0.5767458100558659 0.40526104417670683 0.13175977653631285 0.45273092369477913
5 0.44027932960893856 0.41072289156626507 0.1381703910614525 0.4563855421686747
6 0.3184217877094972 0.40891566265060236 0.10012569832402235 0.3942971887550201
6 0.6973463687150838 0.4162248995983936 0.10632681564245809 0.3942971887550201
4 0.22575418994413407 0.41072289156626507 0.08493016759776537 0.4563855421686747
4 0.8033659217877096 0.39795180722891565 0.10317039106145252 0.47461847389558237
1 0.8623882681564247 0.44542168674698795 0.0536731843575419 0.3139759036144579
1 0.16354748603351954 0.4399598393574297 0.057025139664804464 0.31032128514056223
3 0.9017458100558658 0.43630522088353413 0.04607541899441341 0.27381526104417675
3 0.12737430167597766 0.4563855421686747 0.040530726256983236 0.26285140562249
0 0.9410893854748604 0.41072289156626507 0.03593575418994414 0.2446184738955823
0 0.0905586592178771 0.45273092369477913 0.032932960893854744 0.24827309236947792
2 0.05501396648044693 0.4563855421686747 0.040558659217877095 0.20445783132530118
5 0.5367737430167597 0.7046184738955823 0.07973463687150839 0.29208835341365463
5 0.456159217877095 0.691847389558233 0.07849162011173184 0.27381526104417675
6 0.373645251396648 0.6717670682730924 0.08360335195530726 0.29939759036144575
6 0.6180167597765364 0.675421686746988 0.0822486033519553 0.29208835341365463
4 0.7075 0.6991566265060241 0.0961731843575419 0.354136546184739
4 0.2841480446927374 0.7137751004016064 0.08998603351955309 0.36875502008032124
1 0.7900279329608938 0.7028112449799196 0.0682122905027933 0.2665060240963855
1 0.2073463687150838 0.7210843373493976 0.06081005586592179 0.31032128514056223
3 0.8477932960893855 0.7064658634538152 0.04986033519553073 0.22269076305220883
3 0.15910614525139666 0.7137751004016064 0.03798882681564246 0.23730923694779119
0 0.8979329608938547 0.6845381526104417 0.048617318435754196 0.2081124497991968
0 0.12230446927374301 0.6790763052208836 0.035460893854748606 0.1825301204819277
2 0.9398324022346368 0.6170281124497992 0.0308659217877095 0.15333333333333332
2 0.0848463687150838 0.6663052208835342 0.03927374301675978 0.1789156626506024