5 0.5599877149877149 0.4695988538681948 0.14712530712530714 0.49982808022922637
5 0.4064619164619165 0.4616332378223496 0.15673218673218672 0.5030372492836677
6 0.6855773955773955 0.43934097421203444 0.10402948402948403 0.43934097421203444
6 0.27885749385749387 0.44094555873925495 0.10082309582309582 0.3916045845272206
4 0.7872481572481573 0.3916045845272206 0.09724815724815725 0.4329799426934098
4 0.1806019656019656 0.3597707736389685 0.09267813267813267 0.4138681948424069
1 0.862985257985258 0.32951289398280803 0.07135135135135134 0.34702005730659025
1 0.10417690417690417 0.28017191977077366 0.05995085995085995 0.3247277936962751
3 0.91007371007371 0.2626647564469914 0.05362407862407862 0.29607449856733525
3 0.060503685503685505 0.18146131805157592 0.04085995085995086 0.2674212034383954
0 0.9455528255528255 0.20217765042979943 0.037260442260442256 0.23876790830945557
0 0.03253071253071253 0.09868194842406876 0.020405405405405405 0.14644699140401146
5 0.5245331695331695 0.756131805157593 0.08213759213759214 0.25787965616045844
5 0.43922604422604417 0.7624928366762178 0.08891891891891891 0.25787965616045844
6 0.6098280098280098 0.7465902578796562 0.08899262899262898 0.283352435530086
6 0.3477886977886978 0.7179369627507164 0.0888943488943489 0.2642406876790831
4 0.7005773955773955 0.7688538681948424 0.09312039312039312 0.3788538681948424
4 0.2611302211302211 0.7020057306590258 0.08202702702702702 0.2897134670487106
1 0.785872235872236 0.6892836676217765 0.07813267813267813 0.25787965616045844
1 0.17992628992628992 0.6430945558739255 0.0778992628992629 0.2483381088825215
3 0.8507002457002457 0.5746704871060172 0.054963144963144965 0.23240687679083094
3 0.13147420147420147 0.49028653295128943 0.05742014742014742 0.17191977077363896
0 0.9012039312039313 0.4664183381088825 0.049520884520884524 0.20693409742120344
0 0.08165847665847666 0.3868194842406877 0.03948402948402949 0.1369054441260745