5 0.535808383233533 0.20645645645645647 0.09356287425149701 0.20771771771771771
5 0.44598802395209586 0.22396396396396395 0.08607784431137724 0.21771771771771772
6 0.3511676646706587 0.27402402402402404 0.10354790419161677 0.2277177177177177
6 0.6368562874251498 0.2502402402402402 0.10853293413173652 0.2352252252252252
4 0.2682185628742515 0.3653753753753754 0.1122754491017964 0.2552552552552553
4 0.722934131736527 0.34033033033033033 0.11601796407185629 0.26525525525525523
1 0.20646706586826347 0.5918318318318319 0.14097305389221557 0.27276276276276273
1 0.7946556886227546 0.5455555555555556 0.12974550898203593 0.2752852852852853
3 0.16904191616766467 0.847087087087087 0.1509431137724551 0.2927927927927928
3 0.8376946107784432 0.7982882882882882 0.1509431137724551 0.2952852852852853
0 0.8819910179640718 0.9429429429429429 0.17964071856287425 0.11411411411411411
0 0.08857784431137725 0.972972972972973 0.09730538922155689 0.05405405405405406