5 0.5843957703927493 0.4791666666666667 0.1281117824773414 0.4791666666666667
5 0.455392749244713 0.47741666666666666 0.13193353474320244 0.49654166666666666
6 0.34463746223564956 0.453125 0.08918429003021149 0.45487500000000003
6 0.6901208459214502 0.44616666666666666 0.08276435045317221 0.43404166666666666
4 0.7656344410876134 0.40970833333333334 0.06764350453172206 0.43054166666666666
4 0.2615861027190332 0.41841666666666666 0.0741238670694864 0.39929166666666666
1 0.8197583081570996 0.42362500000000003 0.05755287009063444 0.3541666666666667
1 0.19865558912386705 0.42883333333333334 0.04897280966767372 0.32987500000000003
3 0.8594108761329304 0.4427083333333333 0.04188821752265861 0.25345833333333334
3 0.1527190332326284 0.42883333333333334 0.04268882175226586 0.25345833333333334
0 0.8915105740181268 0.40970833333333334 0.03812688821752266 0.2222083333333333
0 0.11117824773413897 0.42012499999999997 0.04019637462235649 0.22916666666666666
2 0.923595166163142 0.3645833333333333 0.026812688821752265 0.16666666666666666
2 0.07154078549848943 0.37324999999999997 0.03894259818731118 0.19791666666666666
5 0.5516767371601208 0.8055416666666667 0.07527190332326283 0.173625
5 0.4755438066465257 0.8142499999999999 0.0765558912386707 0.1840416666666667
6 0.39498489425981875 0.7899166666666667 0.08413897280966767 0.22570833333333334
6 0.6284592145015107 0.7760416666666666 0.0777643504531722 0.21875
4 0.7090030211480363 0.7742916666666667 0.0802416918429003 0.29862500000000003
4 0.3100302114803625 0.7708333333333334 0.08542296072507552 0.30554166666666666
1 0.776344410876133 0.6927083333333334 0.051268882175226585 0.22570833333333334
1 0.2326283987915408 0.6979166666666666 0.06657099697885197 0.28470833333333334
3 0.817870090634441 0.6649166666666667 0.0311178247734139 0.12154166666666667
3 0.17222054380664653 0.671875 0.05401812688821752 0.22570833333333334
0 0.8606646525679759 0.6458333333333334 0.053761329305135955 0.1597083333333333
0 0.13006042296072506 0.6492916666666667 0.057809667673716016 0.19445833333333334
2 0.898429003021148 0.5729166666666666 0.03361027190332326 0.10416666666666667
2 0.08601208459214502 0.5867916666666667 0.04774924471299093 0.1875