5 0.5638849929873773 0.3818808777429467 0.14507713884992987 0.40467084639498435
5 0.41537166900420763 0.36761755485893416 0.14894810659186536 0.444576802507837
6 0.6913744740532959 0.41608150470219435 0.10483870967741936 0.36476489028213166
6 0.2878962131837307 0.4117868338557994 0.10565217391304348 0.3505329153605016
4 0.7780645161290323 0.41608150470219435 0.07681626928471248 0.3704702194357367
4 0.20566619915848525 0.41608150470219435 0.06872370266479663 0.3419749216300941
1 0.8392566619915849 0.4303134796238245 0.06409537166900421 0.27357366771159874
1 0.15213183730715288 0.427460815047022 0.05598877980364657 0.2906896551724138
3 0.8819495091164096 0.41608150470219435 0.042440392706872374 0.19379310344827586
3 0.11388499298737728 0.4203448275862069 0.030504908835904627 0.19664576802507835
0 0.9348527349228611 0.329153605015674 0.061584852734922854 0.17952978056426333
0 0.06862552594670407 0.3547962382445141 0.05729312762973352 0.16244514106583072
5 0.503969144460028 0.6982131661442006 0.1017531556802244 0.2963949843260188
5 0.40835904628331 0.6839498432601882 0.09158485273492285 0.2792789968652038
6 0.314656381486676 0.6996238244514107 0.0929032258064516 0.3049216300940439
6 0.6034081346423563 0.6939184952978057 0.08642356241234221 0.2764263322884013
4 0.6920196353436185 0.6996238244514107 0.08826086956521739 0.27072100313479625
4 0.24455820476858345 0.7252664576802508 0.06232819074333801 0.2992163009404389
1 0.7761430575035063 0.7039184952978057 0.07553997194950912 0.2165830721003135
1 0.18272089761570828 0.6982131661442006 0.05597475455820476 0.2507836990595611
3 0.8437166900420758 0.6497492163009405 0.055175315568022444 0.17100313479623824
3 0.13364656381486678 0.665423197492163 0.04197755960729313 0.19094043887147336
0 0.9131837307152876 0.5443260188087774 0.08962131837307152 0.19379310344827586
0 0.08392706872370267 0.567115987460815 0.07513323983169705 0.19379310344827586
2 0.9654558204768584 0.4246081504702194 0.0564936886395512 0.12539184952978055