5 0.5573825503355705 0.44305555555555554 0.13930201342281878 0.3972222222222222
5 0.4157986577181208 0.4375 0.14338255033557046 0.4027777777777778
6 0.6788456375838926 0.42083333333333334 0.09497986577181208 0.33611111111111114
6 0.2983758389261745 0.41805555555555557 0.09108724832214765 0.3472222222222222
4 0.7694496644295302 0.3763888888888889 0.08354362416107383 0.3416666666666667
4 0.2171812080536913 0.3763888888888889 0.06830872483221477 0.3472222222222222
1 0.841248322147651 0.3597222222222222 0.05808053691275168 0.2916666666666667
1 0.1514228187919463 0.3472222222222222 0.05759731543624161 0.2833333333333333
3 0.8976107382550336 0.33611111111111114 0.05004026845637584 0.24444444444444444
3 0.10042953020134228 0.34305555555555556 0.04420134228187919 0.23055555555555557
0 0.9519597315436242 0.31666666666666665 0.06214765100671141 0.20555555555555555
0 0.04943624161073825 0.30972222222222223 0.05495302013422818 0.20833333333333334
5 0.5285369127516778 0.6763888888888889 0.08429530201342282 0.25277777777777777
5 0.4419731543624161 0.6708333333333333 0.0883489932885906 0.24722222222222223
6 0.6171140939597315 0.6694444444444444 0.08695302013422819 0.22777777777777777
6 0.35742281879194626 0.6555555555555556 0.07496644295302013 0.2222222222222222
4 0.7063489932885906 0.6541666666666667 0.08825503355704697 0.2916666666666667
4 0.2768993288590604 0.6402777777777777 0.08304697986577181 0.25833333333333336
1 0.7862013422818792 0.6125 0.07346308724832214 0.24722222222222223
1 0.1943758389261745 0.5958333333333333 0.07904697986577182 0.21388888888888888
3 0.8539865771812081 0.5930555555555556 0.05598657718120806 0.18055555555555555
3 0.13532885906040268 0.5652777777777778 0.054912751677852346 0.15833333333333333
0 0.9197449664429531 0.5347222222222222 0.08091275167785235 0.19166666666666668
0 0.07224161073825504 0.5138888888888888 0.07373154362416107 0.16666666666666666
2 0.024604026845637582 0.43472222222222223 0.040201342281879195 0.13055555555555556