5 0.55043 0.08891768292682926 0.11299 0.157515243902439
5 0.43712 0.10416158536585365 0.11304 0.1524390243902439
6 0.33547000000000005 0.13464939024390243 0.09308 0.1473628048780488
6 0.65125 0.13083841463414633 0.09129000000000001 0.13464939024390243
4 0.27964999999999995 0.2299237804878049 0.10476 0.154984756097561
4 0.71123 0.22865853658536586 0.09459999999999999 0.17275914634146342
1 0.24132 0.3874542682926829 0.12478 0.1600609756097561
1 0.75539 0.3760213414634146 0.13291 0.16260670731707316
3 0.20299 0.5170274390243903 0.11813 0.13974085365853658
3 0.79287 0.5170274390243903 0.12121 0.13974085365853658
0 0.17215 0.6897865853658537 0.15311000000000002 0.2261128048780488
0 0.8112 0.6859756097560976 0.14786000000000002 0.20833841463414632
2 0.13966 0.8727134146341463 0.13146000000000002 0.2108689024390244
2 0.81453 0.8892225609756098 0.1412 0.20324695121951222