5 0.5842461005199306 0.27659176029962546 0.13568457538994802 0.351498127340824
5 0.4516291161178509 0.29243445692883896 0.12641247833622182 0.40621722846441943
6 0.6968804159445408 0.2866666666666667 0.08899480069324091 0.3255430711610487
6 0.3376776429809359 0.3068164794007491 0.1011265164644714 0.35438202247191014
4 0.7748700173310226 0.2895505617977528 0.06630849220103986 0.3486142322097378
4 0.2416984402079723 0.3097003745318352 0.08783362218370884 0.3889513108614232
1 0.8321837088388215 0.2808988764044944 0.05027729636048527 0.30250936329588013
1 0.16972270363951475 0.3327715355805243 0.05852686308492202 0.3197752808988764
3 0.880155979202773 0.27513108614232207 0.04760831889081456 0.30250936329588013
3 0.11774696707105718 0.3327715355805243 0.04521663778162911 0.26217228464419473
0 0.9221663778162912 0.28808988764044946 0.039046793760831894 0.3111610486891386
0 0.08043327556325823 0.31835205992509363 0.03457538994800693 0.21606741573033708
2 0.060433275563258226 0.3111610486891386 0.02925476603119584 0.13827715355805245
5 0.5536048526863085 0.7159176029962547 0.08771230502599653 0.3658801498127341
5 0.4689601386481802 0.6957677902621723 0.08107452339688041 0.3486142322097378
6 0.3809878682842288 0.7015355805243446 0.0917677642980936 0.3831835205992509
6 0.6415771230502599 0.7260299625468165 0.08500866551126517 0.37453183520599254
4 0.7295493934142114 0.7289138576779026 0.08497400346620451 0.39183520599250937
4 0.28636048526863084 0.6828089887640449 0.09714038128249566 0.39756554307116104
1 0.8028596187175043 0.6482397003745319 0.07961871750433275 0.31692883895131085
1 0.20837088388214905 0.6424719101123595 0.08783362218370884 0.27659176029962546
3 0.8415077989601387 0.5762172284644195 0.05294627383015598 0.2650561797752809
3 0.1597227036395147 0.5805243445692884 0.05454072790294627 0.17573033707865168
0 0.8828249566724437 0.5502621722846441 0.04759098786828423 0.20168539325842696
0 0.11175043327556326 0.5589138576779026 0.054558058925476605 0.17284644194756554
2 0.06776429809358753 0.4926591760299625 0.04923743500866551 0.12677902621722847