5 0.7850446428571428 0.366331096196868 0.14888392857142857 0.4082774049217002
5 0.6281249999999999 0.3593512304250559 0.16707589285714283 0.4166666666666667
6 0.8889843749999999 0.3621476510067114 0.058984375 0.32158836689038034
6 0.47888392857142853 0.36774049217002236 0.12808035714285715 0.3383668903803132
4 0.953125 0.3243847874720358 0.06373883928571429 0.3691275167785235
4 0.3380022321428572 0.3271812080536913 0.15323660714285717 0.41946308724832215
1 0.23270089285714285 0.3789261744966443 0.09888392857142857 0.3048098434004474
3 0.13364955357142858 0.3970917225950783 0.09610491071428572 0.25727069351230425
0 0.042734375 0.35514541387024606 0.08547991071428572 0.2348993288590604
5 0.734140625 0.738255033557047 0.08892857142857144 0.32997762863534674
5 0.6358035714285714 0.7354586129753915 0.10430803571428571 0.33557046979865773
6 0.5249107142857142 0.7074944071588367 0.11969866071428571 0.34116331096196867
6 0.8192299107142856 0.7214765100671141 0.07773437500000001 0.3131991051454139
4 0.8959374999999999 0.7130872483221476 0.06934151785714286 0.3691275167785235
4 0.39868303571428576 0.7312751677852349 0.13508928571428572 0.3831096196868009
1 0.9461607142857142 0.6473825503355705 0.03583705357142857 0.2600671140939597
1 0.2675669642857143 0.7130872483221476 0.12676339285714286 0.3523489932885906
3 0.16714285714285712 0.6263982102908278 0.09332589285714286 0.20134228187919462
0 0.06183035714285714 0.5648769574944071 0.11707589285714286 0.1789709172259508