5 0.5718329177057356 0.2904090909090909 0.1950374064837905 0.4595909090909091
5 0.36613466334164585 0.2929318181818181 0.20758104738154612 0.4595909090909091
6 0.7436284289276808 0.26263636363636367 0.14855361596009975 0.41918181818181816
6 0.19091022443890276 0.26136363636363635 0.14531172069825438 0.4065681818181818
4 0.8724438902743142 0.29418181818181816 0.10704488778054862 0.4419090909090909
4 0.06071072319201995 0.26263636363636367 0.11765586034912719 0.41918181818181816
1 0.9458478802992519 0.32827272727272727 0.07382793017456359 0.35859090909090907
3 0.9818578553615961 0.35859090909090907 0.03420199501246883 0.3030227272727273
5 0.5268329177057356 0.6515227272727273 0.12768079800498755 0.31313636363636366
5 0.6549625935162094 0.6527727272727273 0.1291147132169576 0.32070454545454546
6 0.7810099750623442 0.6603636363636364 0.11531172069825436 0.36615909090909093
6 0.3966334164588529 0.67425 0.12486284289276808 0.34847727272727275
4 0.898067331670823 0.7121136363636363 0.12229426433915212 0.4393863636363637
4 0.2608852867830424 0.7032727272727273 0.14143391521197007 0.40152272727272725
1 0.9638528678304239 0.65025 0.07105985037406484 0.32575000000000004
1 0.16321695760598504 0.6552954545454545 0.13145885286783043 0.32070454545454546
3 0.0849501246882793 0.635090909090909 0.11347880299251871 0.3005
0 0.03440149625935162 0.6035454545454545 0.06502493765586034 0.22727272727272727