5 0.5496768707482993 0.358716814159292 0.13726190476190475 0.40137168141592916
5 0.41180272108843535 0.36818584070796456 0.13848639455782313 0.4076991150442478
5 0.5138435374149659 0.6621238938053097 0.08746598639455783 0.2054424778761062
5 0.4288095238095238 0.6811061946902656 0.08017006802721088 0.21809734513274337
6 0.2976190476190476 0.358716814159292 0.09232993197278912 0.35712389380530973
6 0.34195578231292517 0.6495132743362831 0.08624149659863946 0.23070796460176993
6 0.6626530612244897 0.35712389380530973 0.0886734693877551 0.34765486725663713
6 0.6031292517006802 0.6463274336283186 0.0886734693877551 0.2749557522123894
4 0.7416156462585034 0.36030973451327436 0.06923469387755102 0.38557522123893806
4 0.22534013605442177 0.3666371681415929 0.05465986394557823 0.38557522123893806
4 0.26421768707482995 0.6415929203539823 0.06681972789115646 0.27814159292035395
4 0.6827040816326531 0.636858407079646 0.07045918367346939 0.30659292035398233
1 0.7871768707482993 0.39349557522123896 0.04615646258503402 0.31287610619469025
1 0.1816156462585034 0.417212389380531 0.030374149659863944 0.26548672566371684
1 0.20408163265306123 0.6542477876106195 0.0558843537414966 0.18331858407079646
1 0.7422278911564626 0.6637168141592921 0.05102040816326531 0.22756637168141594
3 0.8187585034013606 0.3919026548672566 0.034013605442176874 0.2022566371681416
3 0.15913265306122448 0.42194690265486723 0.019438775510204082 0.19278761061946903
3 0.16763605442176868 0.647920353982301 0.03644557823129252 0.1706637168141593
3 0.7877721088435374 0.6352654867256637 0.037653061224489796 0.1706637168141593
0 0.8472959183673469 0.37610619469026546 0.03522108843537415 0.21491150442477877
0 0.13787414965986394 0.40137168141592916 0.02307823129251701 0.17699115044247787
0 0.13969387755102042 0.6242035398230088 0.038877551020408165 0.18646017699115044
0 0.8199659863945578 0.5862831858407079 0.04615646258503402 0.1738495575221239
2 0.8758503401360545 0.33818584070796465 0.021870748299319728 0.17699115044247787
2 0.8618877551020409 0.5467699115044248 0.03280612244897959 0.12008849557522124