5 0.5514568345323742 0.3543253968253969 0.13589928057553957 0.39115079365079364
5 0.41595323741007195 0.36988095238095237 0.13723021582733813 0.39400793650793653
6 0.30228417266187046 0.3925793650793651 0.08974820143884892 0.31464285714285717
6 0.6625719424460431 0.34154761904761904 0.09089928057553957 0.2976190476190476
4 0.2239208633093525 0.3883333333333333 0.06665467625899281 0.35146825396825393
4 0.7486330935251799 0.37555555555555553 0.08124100719424461 0.3316269841269841
1 0.8090107913669065 0.41242063492063497 0.04016187050359712 0.25226190476190474
1 0.19053956834532373 0.43793650793650796 0.03327338129496403 0.22960317460317461
3 0.8333992805755396 0.45353174603174606 0.035035971223021586 0.20976190476190476
3 0.16548561151079139 0.42234126984126985 0.02172661870503597 0.20976190476190476
0 0.8847841726618705 0.42658730158730157 0.05303956834532374 0.23527777777777778
0 0.14365107913669065 0.3953968253968254 0.0268705035971223 0.2069047619047619
2 0.11861510791366907 0.34440476190476194 0.02303956834532374 0.16154761904761905
5 0.5347661870503597 0.6817063492063492 0.08453237410071943 0.26361111111111113
5 0.4499820143884892 0.6830952380952381 0.08199640287769784 0.2891269841269841
6 0.36841726618705034 0.6689285714285714 0.08073741007194245 0.26075396825396824
6 0.6233812949640288 0.6788492063492063 0.08964028776978418 0.30329365079365084
4 0.7120143884892086 0.7029365079365079 0.08703237410071943 0.36281746031746037
4 0.2804496402877698 0.6887698412698412 0.0897661870503597 0.31746031746031744
1 0.7794424460431655 0.7100396825396825 0.06773381294964029 0.2692857142857143
1 0.2181474820143885 0.6703571428571429 0.06280575539568346 0.2692857142857143
3 0.8295503597122302 0.7001190476190476 0.05744604316546763 0.24944444444444444
3 0.18347122302158275 0.6349206349206349 0.03714028776978417 0.1417063492063492
0 0.8777158273381295 0.6661111111111112 0.06384892086330936 0.21543650793650793
0 0.15199640287769786 0.6094047619047619 0.04613309352517985 0.15873015873015872
2 0.1314568345323741 0.5612301587301588 0.03586330935251799 0.11337301587301588