5 0.5470431211498974 0.43427230046948356 0.1409034907597536 0.39906103286384975
5 0.4090965092402464 0.45774647887323944 0.13197125256673511 0.4225352112676056
6 0.6651129363449693 0.4239906103286385 0.09523613963039015 0.39023474178403755
6 0.2949075975359343 0.4724413145539906 0.09351129363449692 0.34624413145539906
4 0.7581314168377823 0.37854460093896714 0.09143737166324435 0.4107981220657277
4 0.2037987679671458 0.41812206572769955 0.08585215605749487 0.4195774647887324
1 0.8261396303901437 0.41225352112676056 0.060657084188911706 0.3022535211267605
1 0.13965092402464066 0.46657276995305164 0.0653388090349076 0.3227699530516432
3 0.8704106776180698 0.4284037558685446 0.0440041067761807 0.24647887323943662
3 0.10373716632443533 0.512018779342723 0.04225872689938398 0.2376525821596244
0 0.9165913757700205 0.41812206572769955 0.05427104722792608 0.24352112676056337
0 0.0735728952772074 0.5149765258215963 0.046119096509240246 0.23178403755868543
2 0.9602258726899384 0.35356807511737093 0.03632443531827516 0.14967136150234742
2 0.04213552361396304 0.5091079812206573 0.03457905544147844 0.1848356807511737
5 0.511129363449692 0.7702347417840376 0.08747433264887064 0.2728638497652582
5 0.4257905544147844 0.7790610328638498 0.08616016427104722 0.2904694835680751
6 0.6009445585215606 0.7555868544600939 0.08494866529774127 0.27291079812206576
6 0.3417453798767967 0.7570422535211268 0.08484599589322382 0.27582159624413144
4 0.6882135523613964 0.7423943661971831 0.09268993839835729 0.357981220657277
4 0.2551540041067762 0.7849295774647888 0.09123203285420944 0.34328638497652586
1 0.7735318275154004 0.7174178403755869 0.08117043121149897 0.2728638497652582
1 0.17944558521560575 0.7673239436619719 0.06297741273100617 0.2904694835680751
3 0.8332032854209446 0.6719718309859155 0.06195071868583162 0.2347417840375587
3 0.13388090349075976 0.7511737089201878 0.04371663244353183 0.24061032863849766
0 0.8825872689938398 0.6440845070422535 0.06324435318275154 0.19657276995305162
0 0.09796714579055442 0.726244131455399 0.046262833675564684 0.19657276995305162
2 0.9262217659137577 0.5633802816901409 0.047864476386036955 0.14084507042253522
2 0.06523613963039014 0.715962441314554 0.04753593429158111 0.176056338028169