5 0.5885661764705882 0.34146095717884134 0.1712622549019608 0.5261712846347607
5 0.41295343137254903 0.35123425692695215 0.17676470588235296 0.5009823677581864
6 0.2652450980392157 0.3176574307304786 0.12100490196078431 0.4393954659949622
6 0.7274632352941177 0.2966750629722922 0.10379901960784314 0.48697732997481114
4 0.15360294117647058 0.25889168765743076 0.10198529411764706 0.4674055415617129
4 0.8268382352941177 0.23090680100755667 0.09566176470588235 0.4617884130982368
1 0.8949019607843137 0.20710327455919395 0.06846813725490196 0.3694458438287153
1 0.07600490196078431 0.20851385390428212 0.0802328431372549 0.38901763224181357
3 0.9466421568627451 0.1791183879093199 0.0630392156862745 0.34146095717884134
3 0.02743872549019608 0.2001007556675063 0.05487745098039216 0.327455919395466
5 0.5137009803921568 0.8060453400503779 0.11682598039215686 0.37503778337531485
5 0.39457107843137257 0.8046347607052897 0.12095588235294118 0.3834256926952141
6 0.27137254901960783 0.7962468513853904 0.1250857843137255 0.39463476070528963
6 0.6294117647058823 0.807455919395466 0.11678921568627451 0.3778337531486146
4 0.7417279411764706 0.7822670025188917 0.10449754901960784 0.4282115869017632
4 0.16518382352941174 0.7668513853904282 0.10606617647058823 0.3918387909319899
1 0.8281985294117646 0.7374811083123425 0.09838235294117648 0.4002267002518891
1 0.0903063725490196 0.6730982367758187 0.09519607843137255 0.3330478589420655
3 0.8928676470588236 0.643727959697733 0.08615196078431372 0.3302518891687658
0 0.03925245098039216 0.5723425692695214 0.06936274509803922 0.34425692695214105
0 0.9350612745098039 0.5387657430730478 0.06357843137254902 0.316272040302267