5 0.556084099868594 0.3619108280254777 0.1493298291721419 0.4227070063694267
5 0.40437582128777927 0.36044585987261146 0.15409986859395533 0.42560509554140125
5 0.519053876478318 0.7353821656050955 0.09676741130091984 0.3300636942675159
5 0.42348226018396845 0.7455095541401274 0.09437582128777923 0.3445222929936306
6 0.27773981603153747 0.3474203821656051 0.09914586070959265 0.4053184713375796
6 0.328515111695138 0.7223566878980892 0.09318002628120893 0.33872611464968155
6 0.6176084099868594 0.7339171974522293 0.10034165571616294 0.3734713375796178
6 0.683311432325887 0.37057324840764333 0.10273324572930356 0.35321656050955413
4 0.772904073587385 0.33729299363057325 0.07645203679369252 0.42560509554140125
4 0.19173455978975032 0.30977707006369426 0.07048620236530881 0.44006369426751596
4 0.23892247043363993 0.726687898089172 0.08123521681997371 0.445859872611465
4 0.7131800262812089 0.76 0.09078843626806833 0.4198089171974522
1 0.8386070959264126 0.3575477707006369 0.05495400788436268 0.3619108280254777
1 0.1361892247043364 0.3445222929936306 0.04300919842312746 0.3011146496815287
1 0.17141918528252298 0.6644585987261146 0.05375821287779237 0.26926751592356685
1 0.7944152431011826 0.6919426751592357 0.0740604467805519 0.29531847133757966
3 0.8756373193166885 0.335828025477707 0.01911957950065703 0.24898089171974525
3 0.10871222076215506 0.30977707006369426 0.026281208935611037 0.2605732484076433
3 0.1361892247043364 0.5920700636942675 0.031064388961892248 0.18238853503184715
3 0.8392115637319316 0.638375796178344 0.03703022339027595 0.19977707006369425
0 0.8708672798948752 0.5920700636942675 0.023889618922470435 0.15343949044585986
0 0.11110381077529566 0.5240445859872612 0.02149802890932983 0.13318471337579618