5 0.5455527950310559 0.4132407407407407 0.13221118012422362 0.44925925925925925
5 0.41168944099378885 0.4235185185185185 0.13503105590062112 0.43552469135802474
6 0.6580248447204969 0.4080864197530864 0.09214906832298138 0.4183950617283951
6 0.29785093167701865 0.4132407407407407 0.09228571428571429 0.4080864197530864
4 0.7436024844720497 0.4080864197530864 0.07899378881987577 0.4252469135802469
4 0.21643478260869564 0.4080864197530864 0.07576397515527951 0.3978086419753086
1 0.8084596273291925 0.43895061728395063 0.05418633540372671 0.3017901234567901
1 0.1557142857142857 0.43209876543209874 0.0426583850931677 0.3292283950617284
3 0.8477888198757765 0.4235185185185185 0.04453416149068323 0.2777777777777778
3 0.11431055900621118 0.43209876543209874 0.03991304347826087 0.31549382716049384
0 0.9023105590062112 0.40638888888888886 0.06801242236024845 0.25719135802469134
0 0.07290683229813665 0.437253086419753 0.04269565217391304 0.2709259259259259
2 0.9443975155279504 0.3292283950617284 0.047329192546583854 0.21947530864197531
2 0.036347826086956525 0.34293209876543207 0.030285714285714284 0.23320987654320988
5 0.516583850931677 0.7150308641975308 0.0742608695652174 0.2777777777777778
5 0.43377639751552793 0.7253086419753086 0.0853416149068323 0.2983641975308642
6 0.35098136645962735 0.7355864197530865 0.07985093167701864 0.31891975308641973
6 0.5945465838509317 0.7235802469135802 0.08390062111801243 0.28805555555555556
4 0.6807950310559006 0.7304629629629629 0.08800000000000001 0.3292283950617284
4 0.27162732919254656 0.7373148148148148 0.07849689440993789 0.3566666666666667
1 0.7580869565217391 0.7098765432098766 0.06590062111801243 0.2675
1 0.20469565217391306 0.7304629629629629 0.055068322981366456 0.2812037037037037
3 0.8132919254658386 0.6892901234567902 0.052807453416149064 0.1988888888888889
3 0.1563975155279503 0.692716049382716 0.03852173913043479 0.1988888888888889
0 0.8767701863354037 0.6464197530864197 0.0859503105590062 0.20919753086419754
0 0.11500621118012422 0.6807407407407408 0.04957763975155279 0.19546296296296295
2 0.9361118012422361 0.5178395061728395 0.05284472049689441 0.15089506172839506
2 0.0860248447204969 0.6087037037037037 0.03854658385093168 0.10629629629629629