5 0.6036400000000001 0.3314046822742475 0.17454666666666666 0.5047157190635452
5 0.43090666666666666 0.32531772575250834 0.16848 0.5108026755852842
5 0.5581866666666666 0.7221070234113712 0.10060000000000001 0.2827759197324415
5 0.45636 0.7205685618729096 0.10545333333333334 0.2797324414715719
6 0.28545333333333334 0.34812709030100336 0.12 0.44695652173913036
6 0.3509066666666667 0.68561872909699 0.10545333333333334 0.3314046822742475
6 0.66 0.6780267558528428 0.10060000000000001 0.3466220735785953
6 0.7490933333333334 0.3314046822742475 0.11635999999999999 0.43782608695652175
4 0.8430266666666666 0.32685618729096994 0.06909333333333334 0.4408695652173913
4 0.18545333333333333 0.34812709030100336 0.07757333333333333 0.453010033444816
4 0.25393333333333334 0.7510033444816054 0.08606666666666667 0.3466220735785953
4 0.7527333333333333 0.7175585284280936 0.08242666666666666 0.33444816053511706
1 0.8818133333333333 0.36180602006688967 0.04242666666666667 0.2857859531772575
1 0.13212000000000002 0.36180602006688967 0.05333333333333334 0.31013377926421404
1 0.18059999999999998 0.6582608695652173 0.058186666666666664 0.27668896321070235
1 0.8254533333333334 0.684113712374582 0.0606 0.27364548494983276
3 0.9139333333333334 0.3374916387959866 0.03152 0.2857859531772575
3 0.08969333333333333 0.3542140468227425 0.03152 0.2827759197324415
3 0.13514666666666666 0.6384949832775919 0.032733333333333337 0.21889632107023413
3 0.8751466666666667 0.6339464882943144 0.036359999999999996 0.2462876254180602
0 0.9103066666666667 0.6597658862876254 0.03152 0.26755852842809363
0 0.09514666666666667 0.6293645484949834 0.04242666666666667 0.20066889632107024
2 0.9309066666666665 0.6080936454849498 0.029093333333333332 0.20675585284280937