5 0.5373061224489796 0.3 0.16044897959183674 0.4222222222222222
5 0.3747142857142857 0.3 0.15922448979591836 0.4222222222222222
6 0.6686734693877551 0.30417777777777777 0.09918367346938776 0.3472444444444444
6 0.2503877551020408 0.3013777777777778 0.08914285714285715 0.3139111111111111
4 0.7547755102040816 0.31804444444444446 0.07302040816326531 0.3527555555555556
4 0.17387755102040817 0.28888888888888886 0.06620408163265305 0.3388888888888889
1 0.8115102040816327 0.33057777777777775 0.04557142857142857 0.29444444444444445
1 0.12477551020408163 0.30835555555555555 0.03179591836734694 0.2833333333333333
3 0.8440408163265306 0.3111111111111111 0.019489795918367348 0.2222222222222222
3 0.10373469387755102 0.3013777777777778 0.017775510204081635 0.20835555555555557
0 0.8631632653061224 0.2750222222222222 0.013653061224489796 0.17222222222222222
0 0.09226530612244899 0.2611111111111111 0.015224489795918367 0.17222222222222222
5 0.5098979591836734 0.65 0.10051020408163265 0.34444444444444444
5 0.4078775510204082 0.6583555555555556 0.098 0.35555555555555557
6 0.30967346938775514 0.6361333333333333 0.10314285714285715 0.35
6 0.6112857142857142 0.6652888888888889 0.10430612244897959 0.38053333333333333
4 0.708204081632653 0.6375111111111111 0.08895918367346939 0.3749777777777778
4 0.22742857142857142 0.6083555555555555 0.07638775510204082 0.34444444444444444
1 0.7719795918367347 0.6028 0.07363265306122449 0.26666666666666666
1 0.16748979591836732 0.5888888888888889 0.043244897959183674 0.24444444444444444
3 0.8261836734693877 0.5639111111111111 0.03222448979591837 0.16666666666666666
3 0.1349795918367347 0.5541777777777778 0.024142857142857143 0.18053333333333332
0 0.8561428571428571 0.5291555555555556 0.025877551020408163 0.1583111111111111
0 0.10820408163265306 0.5222222222222223 0.026693877551020408 0.1388888888888889