5 0.5890663390663391 0.33291457286432163 0.1855036855036855 0.4899497487437186
5 0.40540540540540543 0.3417085427135678 0.18181818181818182 0.4723618090452261
5 0.4441031941031941 0.7964824120603015 0.11425061425061425 0.36683417085427134
5 0.5565110565110565 0.7964824120603015 0.11056511056511056 0.36683417085427134
6 0.25307125307125306 0.30778894472361806 0.12039312039312039 0.41959798994974873
6 0.3298525798525799 0.7977386934673367 0.1167076167076167 0.3844221105527638
6 0.6670761670761671 0.7738693467336684 0.10810810810810811 0.37185929648241206
6 0.7371007371007371 0.30778894472361806 0.10810810810810811 0.4396984924623116
4 0.7708845208845209 0.7512562814070352 0.09950859950859951 0.41708542713567837
4 0.2291154791154791 0.7738693467336684 0.08722358722358722 0.41708542713567837
4 0.8421375921375921 0.23241206030150754 0.09950859950859951 0.45979899497487436
4 0.14557739557739557 0.2600502512562814 0.09213759213759214 0.4396984924623116
1 0.1769041769041769 0.6796482412060302 0.08845208845208845 0.30904522613065327
1 0.847051597051597 0.6582914572864321 0.08476658476658476 0.32663316582914576
1 0.0773955773955774 0.23366834170854273 0.04668304668304668 0.3417085427135678
3 0.12346437346437346 0.6118090452261307 0.0773955773955774 0.25879396984924624
3 0.8992628992628993 0.5778894472361809 0.06388206388206388 0.27638190954773867
1 0.9201474201474201 0.19095477386934673 0.05896805896805897 0.37185929648241206
3 0.9563882063882064 0.15577889447236182 0.04054054054054054 0.2964824120603015
3 0.036855036855036855 0.1884422110552764 0.036855036855036855 0.3165829145728643
0 0.055896805896805894 0.5439698492462312 0.08476658476658476 0.26884422110552764
0 0.9477886977886978 0.4937185929648241 0.07248157248157248 0.23869346733668342