5 0.6311728395061729 0.14507042253521127 0.13329218106995885 0.2
5 0.4953909465020576 0.11267605633802817 0.1415843621399177 0.2028169014084507
6 0.3832716049382716 0.15070422535211267 0.1189917695473251 0.2
6 0.7196296296296296 0.23380281690140844 0.10858024691358026 0.16901408450704225
4 0.29584362139917697 0.2380281690140845 0.13343621399176953 0.18873239436619718
4 0.780329218106996 0.3788732394366197 0.13530864197530865 0.17183098591549295
1 0.24339506172839506 0.37746478873239436 0.1560699588477366 0.19718309859154928
1 0.8173456790123457 0.5521126760563381 0.16820987654320987 0.18591549295774648
3 0.8584979423868313 0.6901408450704225 0.17230452674897118 0.18028169014084508
3 0.18166666666666667 0.5098591549295775 0.16843621399176956 0.18591549295774648
0 0.8883333333333334 0.8718309859154929 0.18257201646090535 0.23943661971830985
0 0.13228395061728396 0.7056338028169014 0.1890329218106996 0.30140845070422534
2 0.08395061728395062 0.8873239436619719 0.16641975308641974 0.21971830985915494