5 0.5434566145092461 0.23517361111111112 0.17041251778093883 0.4640277777777777
5 0.38054054054054054 0.2604166666666667 0.152375533428165 0.43246527777777777
6 0.674054054054054 0.24621527777777777 0.09338549075391181 0.4545486111111111
6 0.26224751066856333 0.2967013888888889 0.08130867709815078 0.39774305555555556
4 0.763271692745377 0.28881944444444446 0.08307254623044097 0.43246527777777777
4 0.19243243243243244 0.30618055555555557 0.05288762446657184 0.39774305555555556
1 0.8285633001422475 0.3645833333333333 0.0507823613086771 0.3314236111111111
1 0.15559032716927454 0.36614583333333334 0.04385490753911806 0.3030208333333333
3 0.8621763869132291 0.40246527777777774 0.03268847795163585 0.23673611111111115
3 0.12584637268847795 0.3914236111111111 0.020597439544807965 0.19569444444444445
0 0.8873826458036985 0.4198263888888889 0.021066856330014226 0.18309027777777775
5 0.4885064011379801 0.7875694444444444 0.10708392603129445 0.37562500000000004
5 0.38637268847795164 0.7938888888888889 0.10712660028449503 0.37562500000000004
6 0.5926031294452347 0.7938888888888889 0.1062873399715505 0.38826388888888885
6 0.2945661450924609 0.7733680555555555 0.09940256045519202 0.37878472222222226
4 0.6766287339971551 0.8112499999999999 0.07985775248933144 0.37246527777777777
4 0.2176529160739687 0.7765277777777777 0.059345661450924604 0.38510416666666664
1 0.7555049786628734 0.8159722222222222 0.07982930298719772 0.3567013888888889
1 0.16852062588904693 0.7607291666666667 0.05935988620199146 0.29041666666666666
3 0.8033428165007113 0.8001736111111111 0.039132290184921766 0.28725694444444444
3 0.14200568990042675 0.7102430555555556 0.052916073968705554 0.23357638888888888
0 0.8460170697012802 0.7717708333333334 0.04689900426742532 0.24937499999999999
0 0.1155049786628734 0.6865625 0.030938833570412518 0.15468749999999998
2 0.8595874822190611 0.6865625 0.03971550497866288 0.16729166666666667
2 0.1290896159317212 0.5729166666666666 0.042574679943101 0.09784722222222222