5 0.5770031055900621 0.46749999999999997 0.1930745341614907 0.4689240506329114
5 0.38858695652173914 0.46462025316455696 0.18891304347826088 0.4919303797468354
6 0.7393167701863355 0.4588607594936709 0.12809006211180124 0.42291139240506326
6 0.22909937888198756 0.42863924050632907 0.13251552795031057 0.46604430379746836
4 0.8621273291925466 0.3869303797468354 0.11753105590062111 0.4804430379746835
4 0.10843167701863354 0.3668037974683544 0.10857142857142857 0.5092088607594937
1 0.9531521739130435 0.4056329113924051 0.0653416149068323 0.3625
1 0.03363354037267081 0.36968354430379746 0.05496894409937888 0.359620253164557
5 0.5318478260869565 0.742246835443038 0.09711180124223602 0.23015822784810128
5 0.4203416149068323 0.7523101265822785 0.10281055900621117 0.25604430379746834
6 0.3102639751552795 0.7321518987341773 0.10003105590062113 0.30781645569620253
6 0.6546273291925465 0.7436708860759493 0.10554347826086956 0.29632911392405065
4 0.7555434782608695 0.7350316455696203 0.0871583850931677 0.3193354430379747
4 0.21145962732919255 0.7264240506329114 0.09723602484472049 0.30781645569620253
1 0.8451708074534161 0.7048417721518987 0.08571428571428572 0.25316455696202533
1 0.11760869565217391 0.6962025316455697 0.09021739130434783 0.24740506329113926
0 0.925636645962733 0.6573734177215189 0.08085403726708075 0.21
0 0.04139751552795031 0.6674367088607595 0.05636645962732919 0.24740506329113926