5 0.6342675159235669 0.2959922178988327 0.18464968152866243 0.5030739299610895
5 0.43261146496815284 0.29459143968871593 0.1938428874734607 0.5114007782101168
6 0.2628025477707006 0.3071206225680934 0.14233545647558388 0.347431906614786
6 0.7935031847133758 0.30852140077821016 0.1307855626326964 0.39466926070038916
4 0.10282377919320594 0.3224124513618677 0.17424628450106155 0.4447081712062257
4 0.9254352441613588 0.35992217898832685 0.13386411889596603 0.4419066147859922
5 0.6646072186836518 0.7462645914396887 0.136135881104034 0.4085603112840467
5 0.5311677282377919 0.7295719844357976 0.1361783439490446 0.36964980544747084
6 0.39091295116772823 0.7323346303501946 0.1407855626326964 0.3918677042801556
6 0.7919745222929936 0.7490272373540856 0.1148619957537155 0.397431906614786
4 0.25142250530785565 0.7420622568093386 0.14386411889596604 0.4168871595330739
4 0.9019108280254777 0.7796108949416343 0.09813163481953291 0.3918677042801556
1 0.10738853503184713 0.7865369649805447 0.14087048832271762 0.3168482490272374
1 0.9757112526539278 0.801828793774319 0.04859872611464968 0.26961089494163426
3 0.02978768577494692 0.7976653696498055 0.05957537154989384 0.22789883268482491