5 0.5213920454545454 0.8004037267080746 0.0759375 0.22304347826086954
5 0.4413352272727273 0.8032298136645962 0.07855113636363636 0.22869565217391305
6 0.6046590909090909 0.8074534161490683 0.09268465909090909 0.21456521739130435
6 0.36258522727272724 0.7580434782608696 0.08890625 0.2343167701863354
4 0.6646875 0.7100621118012422 0.10686079545454547 0.23996894409937886
4 0.2741477272727273 0.7580434782608696 0.10572443181818182 0.2512732919254658
1 0.7311789772727273 0.5279503105590062 0.11329545454545455 0.2766770186335404
1 0.2412215909090909 0.5279503105590062 0.12251420454545454 0.25975155279503104
3 0.7550710227272728 0.28090062111801245 0.13265625 0.2625776397515528
3 0.22251420454545456 0.29642857142857143 0.1473153409090909 0.2540993788819876
0 0.8041477272727273 0.11152173913043477 0.15654829545454543 0.22304347826086954
0 0.1630965909090909 0.11857142857142856 0.1574005681818182 0.2202173913043478