5 0.6101225114854518 0.7381481481481481 0.08044410413476263 0.2382905982905983
5 0.5238131699846861 0.7847578347578347 0.0888208269525268 0.2123931623931624
6 0.4277794793261868 0.7912535612535613 0.10277182235834609 0.24088319088319088
6 0.6804134762633997 0.7083760683760684 0.09572741194486983 0.24603988603988605
4 0.7813169984686064 0.6707977207977208 0.10264931087289433 0.25381766381766385
4 0.3540122511485452 0.698005698005698 0.09445635528330781 0.303019943019943
1 0.8147320061255743 0.4700854700854701 0.1193415007656968 0.23051282051282052
1 0.253093415007657 0.6371509971509971 0.10980091883614089 0.26937321937321934
3 0.825865237366003 0.2667806267806268 0.14716692189892802 0.19683760683760684
3 0.2238591117917305 0.4377207977207977 0.14044410413476263 0.2123931623931624
0 0.835604900459418 0.09324786324786324 0.1805666156202144 0.18646723646723648
0 0.15217457886676877 0.23051282051282052 0.18361408882082697 0.3366951566951567
2 0.09232771822358346 0.05957264957264957 0.14188361408882083 0.11914529914529914