5 0.5579781420765026 0.33482142857142855 0.13965391621129325 0.44941964285714286
5 0.4195446265938069 0.33183035714285714 0.13479052823315119 0.46129464285714283
5 0.46083788706739526 0.6904910714285714 0.08621129326047358 0.25
5 0.5446265938069217 0.6785714285714286 0.08136612021857924 0.24406250000000002
6 0.30418943533697634 0.36308035714285714 0.09349726775956284 0.3392857142857143
6 0.37158469945355194 0.6532589285714286 0.08743169398907104 0.29464285714285715
6 0.6314571948998179 0.65625 0.08985428051001822 0.3065625
6 0.6751730418943535 0.3482142857142857 0.08985428051001822 0.32142857142857145
4 0.7571402550091075 0.35714285714285715 0.0692167577413479 0.375
4 0.22526411657559198 0.36160714285714285 0.06435336976320583 0.3541517857142857
4 0.2877959927140255 0.6830357142857143 0.07772313296903462 0.29464285714285715
4 0.7176684881602914 0.6741071428571429 0.08256830601092896 0.3779910714285714
1 0.8142076502732241 0.38245535714285717 0.04249544626593807 0.2827232142857143
1 0.17608378870673952 0.375 0.03400728597449909 0.26785714285714285
3 0.8475956284153006 0.38986607142857144 0.026721311475409838 0.22022321428571429
3 0.14876138433515482 0.36013392857142856 0.02063752276867031 0.21428571428571427
1 0.7844626593806922 0.6726339285714286 0.05342440801457195 0.26191964285714286
1 0.22100182149362477 0.6577232142857143 0.05342440801457195 0.23214285714285715
3 0.8293806921675774 0.6547767857142857 0.03400728597449909 0.2559375
3 0.17608378870673952 0.6160714285714286 0.03642987249544627 0.19049107142857144
0 0.8834244080145719 0.36160714285714285 0.04249544626593807 0.2291517857142857
0 0.12386156648451731 0.31995535714285717 0.026721311475409838 0.19941964285714286
0 0.14389799635701275 0.5699553571428572 0.030364298724954466 0.1458482142857143
0 0.8664298724954463 0.6264732142857143 0.04249544626593807 0.22321428571428573