5 0.5790441176470589 0.3863245033112583 0.16308823529411767 0.5371523178807946
5 0.4149877450980392 0.38264900662251655 0.1645220588235294 0.551887417218543
6 0.7172426470588235 0.4102317880794702 0.11332107843137255 0.42311258278145697
6 0.27681372549019606 0.4304635761589404 0.11147058823529411 0.41205298013245034
4 0.8241176470588235 0.38264900662251655 0.09838235294117648 0.42678807947019864
4 0.16790441176470586 0.4047019867549669 0.10334558823529412 0.42678807947019864
1 0.910563725490196 0.33480132450331124 0.07526960784313726 0.4047019867549669
1 0.08622549019607843 0.39 0.05981617647058824 0.34582781456953643
3 0.9636519607843138 0.29615894039735097 0.0535171568627451 0.3789403973509934
3 0.0378921568627451 0.36976821192052983 0.04757352941176471 0.33480132450331124
0 0.014068627450980392 0.36423841059602646 0.0217156862745098 0.26490066225165565
0 0.989546568627451 0.3035430463576159 0.020906862745098037 0.3127152317880795