5 0.5502257336343115 0.4699650959860384 0.21248306997742664 0.4163525305410122
5 0.33582392776523706 0.47869109947643984 0.2157900677200903 0.3939092495636998
6 0.721941309255079 0.462478184991274 0.12773137697516931 0.346544502617801
6 0.17784424379232505 0.48366492146596857 0.10300225733634312 0.3290924956369982
4 0.8331715575620768 0.4088830715532286 0.09553047404063206 0.36898778359511347
4 0.08918735891647855 0.4288132635253054 0.07724604966139954 0.37397905759162303
1 0.9016817155756207 0.4113612565445026 0.04557562076749436 0.2792321116928447
1 0.041636568848758465 0.4425305410122164 0.036963882618510156 0.2368411867364747
3 0.9355417607223476 0.3652530541012216 0.019796839729119636 0.19197207678883071
0 0.9629458239277652 0.3353228621291448 0.026252821670428896 0.15706806282722513
5 0.5268735891647855 0.7591623036649214 0.11796839729119639 0.25678883071553227
5 0.39388261851015804 0.7504363001745201 0.12598194130925508 0.25928446771378705
6 0.6558465011286683 0.7267539267015707 0.11802483069977426 0.2667713787085515
6 0.27378103837471784 0.7354799301919721 0.11787810383747178 0.2642757417102967
4 0.767076749435666 0.7242582897033158 0.09872460496613995 0.29668411867364747
4 0.17463882618510157 0.7467015706806283 0.08076749435665914 0.28671902268760907
1 0.8517155756207675 0.6743979057591624 0.0649097065462754 0.2218848167539267
1 0.10773137697516931 0.6905933682373473 0.05011286681715575 0.18448516579406632
3 0.07145598194130925 0.6432286212914485 0.02566591422121896 0.10970331588132635
3 0.9016817155756207 0.5933682373472949 0.03590293453724605 0.10471204188481675