5 0.5822663252240717 0.3333333333333333 0.16487836107554418 0.5084745762711864
5 0.4151984635083226 0.3403954802259887 0.1636619718309859 0.5169491525423728
6 0.7275928297055058 0.2909604519774011 0.12577464788732395 0.4293785310734463
6 0.2750192061459667 0.3022598870056497 0.11891165172855314 0.423728813559322
4 0.831920614596671 0.2824858757062147 0.10660691421254802 0.4124293785310734
4 0.16685019206145968 0.2824858757062147 0.10230473751600513 0.4180790960451977
1 0.8997567221510884 0.3135593220338983 0.05286811779769526 0.24858757062146894
1 0.08813060179257362 0.3121468926553672 0.060089628681177974 0.2457627118644068
5 0.5381177976952625 0.748587570621469 0.11289372599231755 0.3785310734463277
5 0.4344174135723431 0.7768361581920904 0.11029449423815621 0.3898305084745763
6 0.6546094750320103 0.7288135593220338 0.11805377720870679 0.3898305084745763
6 0.3287964148527529 0.748587570621469 0.1009731113956466 0.3672316384180791
4 0.7653521126760563 0.7429378531073446 0.10658130601792573 0.3559322033898305
4 0.22637644046094751 0.7387005649717514 0.10355953905249679 0.3587570621468927
1 0.8415108834827145 0.6779661016949152 0.0669270166453265 0.288135593220339
1 0.14957746478873238 0.6624293785310734 0.080550576184379 0.2853107344632768
3 0.8716005121638924 0.6285310734463276 0.05029449423815621 0.20056497175141244
3 0.10988476312419973 0.6115819209039548 0.05751600512163893 0.211864406779661
0 0.9042381562099873 0.5494350282485876 0.05927016645326504 0.2344632768361582
0 0.077247119078105 0.53954802259887 0.06137003841229193 0.1807909604519774