5 0.5863970588235294 0.33879093198992444 0.17279411764705882 0.5163727959697733
5 0.4111519607843137 0.33753148614609574 0.17524509803921567 0.5037783375314862
5 0.5122549019607843 0.8035264483627204 0.11274509803921569 0.3677581863979849
6 0.3946078431372549 0.7984886649874056 0.12009803921568628 0.38287153652392947
6 0.6292892156862745 0.7959697732997482 0.11642156862745098 0.3879093198992443
4 0.2708333333333333 0.792191435768262 0.125 0.3954659949622166
4 0.7420343137254902 0.7795969773299748 0.1090686274509804 0.42065491183879095
6 0.26409313725490197 0.3161209068010076 0.11642156862745098 0.43073047858942065
6 0.7267156862745098 0.3047858942065491 0.1053921568627451 0.45843828715365237
4 0.15379901960784315 0.2518891687657431 0.10416666666666667 0.44836272040302266
4 0.8259803921568627 0.23173803526448364 0.09068627450980392 0.4634760705289673
1 0.07230392156862746 0.21032745591939547 0.07598039215686274 0.3853904282115869
1 0.9007352941176471 0.19395465994962216 0.058823529411764705 0.3778337531486146
1 0.15931372549019607 0.756926952141058 0.09803921568627451 0.3853904282115869
1 0.8321078431372549 0.7241813602015114 0.0857843137254902 0.3954659949622166
3 0.025122549019607844 0.19395465994962216 0.04779411764705882 0.327455919395466
3 0.0900735294117647 0.672544080604534 0.09436274509803921 0.33753148614609574
3 0.8927696078431373 0.6435768261964736 0.08700980392156862 0.3501259445843829
3 0.9479166666666666 0.16876574307304787 0.05269607843137255 0.3224181360201511
0 0.03676470588235294 0.5793450881612091 0.0661764705882353 0.30730478589420657
0 0.9344362745098039 0.5566750629722922 0.06004901960784314 0.26700251889168763