5 0.5852059925093633 0.3868421052631579 0.16853932584269662 0.39473684210526316
5 0.4151061173533084 0.38290526315789475 0.16541822721598 0.39210526315789473
5 0.4541198501872659 0.7065894736842105 0.10923845193508115 0.26052631578947366
5 0.5625842696629213 0.7118526315789474 0.10767790262172285 0.25
6 0.27076154806491887 0.35 0.12328339575530586 0.3631578947368421
6 0.344107365792759 0.6829052631578947 0.10767790262172285 0.3026315789473684
6 0.6710362047440699 0.6894736842105263 0.10299625468164794 0.2894736842105263
6 0.731123595505618 0.3631578947368421 0.12016229712858927 0.3631578947368421
4 0.15684144818976278 0.3131578947368421 0.10767790262172285 0.4052631578947368
4 0.2395505617977528 0.6421052631578947 0.09831460674157304 0.3263157894736842
4 0.7771535580524345 0.6592210526315789 0.10611735330836454 0.3394736842105263
4 0.8489388264669163 0.3394736842105263 0.11235955056179775 0.39473684210526316
1 0.06945068664169789 0.29473684210526313 0.06710362047440699 0.3473684210526316
1 0.1466916354556804 0.6250105263157895 0.08114856429463171 0.21842105263157896
1 0.8778152309612983 0.631578947368421 0.08895131086142322 0.30526315789473685
1 0.9394506866416978 0.30922105263157895 0.06554307116104868 0.32894736842105265
3 0.017166042446941324 0.2697473684210526 0.03433208489388265 0.2868421052631579
3 0.07646691635455681 0.5736842105263158 0.05930087390761548 0.21578947368421053
3 0.9496004993757803 0.5973684210526315 0.054619225967540576 0.24210526315789474
0 0.025755305867665418 0.5 0.042134831460674156 0.15789473684210525
3 0.9847066167290887 0.31842105263157894 0.024968789013732832 0.23684210526315788