5 0.5371311475409836 0.34013422818791944 0.13039617486338798 0.4911409395973155
5 0.40424863387978144 0.35083892617449663 0.13288251366120218 0.47590604026845634
5 0.515396174863388 0.7169127516778523 0.07948087431693988 0.2623489932885906
5 0.4377732240437158 0.7290939597315437 0.07575136612021859 0.2745637583892617
6 0.29868852459016393 0.35083892617449663 0.0782377049180328 0.39046979865771814
6 0.35580601092896175 0.7229865771812081 0.09065573770491803 0.3477852348993289
6 0.6004781420765027 0.7123154362416108 0.08818306010928961 0.3386241610738255
6 0.6464207650273224 0.33100671140939597 0.08818306010928961 0.43013422818791947
4 0.7314890710382514 0.28067114093959733 0.07948087431693988 0.5613087248322148
4 0.22665300546448086 0.31573825503355707 0.06333333333333334 0.4911409395973155
4 0.2744672131147541 0.738255033557047 0.06954918032786885 0.39046979865771814
4 0.6836748633879781 0.7443624161073825 0.07575136612021859 0.4087919463087248
1 0.7979371584699454 0.34318791946308724 0.0534016393442623 0.40573825503355704
1 0.1744945355191257 0.34318791946308724 0.03849726775956284 0.35083892617449663
1 0.21299180327868852 0.6940268456375839 0.0534016393442623 0.2592953020134228
1 0.7563387978142077 0.7062080536912752 0.06706284153005465 0.3996308724832215
3 0.8389207650273225 0.3599664429530201 0.03105191256830601 0.2928523489932886
3 0.14778688524590164 0.3554026845637584 0.0273224043715847 0.2837248322147651
3 0.1831830601092896 0.6390939597315436 0.03601092896174863 0.21050335570469797
3 0.8084972677595629 0.677248322147651 0.037254098360655734 0.256241610738255
0 0.869344262295082 0.33251677852348993 0.0273224043715847 0.2928523489932886
0 0.14841530054644808 0.6253691275167785 0.03353825136612022 0.1891275167785235
0 0.8420218579234973 0.6390939597315436 0.037254098360655734 0.22268456375838927
2 0.1322677595628415 0.5628523489932885 0.028565573770491803 0.11288590604026846