5 0.5585394932935916 0.45139372822299656 0.12977645305514157 0.4086062717770035
5 0.43120715350223543 0.4529616724738676 0.12439642324888227 0.39278745644599306
6 0.6696274217585693 0.39595818815331013 0.08700447093889717 0.35477351916376304
6 0.3241877794336811 0.4323693379790941 0.08922503725782414 0.33257839721254356
4 0.7481967213114754 0.3294425087108014 0.07077496274217586 0.33574912891986064
4 0.23818181818181816 0.38644599303135885 0.08518628912071534 0.35477351916376304
1 0.7908643815201192 0.3151567944250871 0.045052160953800297 0.23756097560975611
1 0.18263785394932935 0.3611149825783972 0.049999999999999996 0.2597560975609756
3 0.8253949329359166 0.26449477351916373 0.04913561847988077 0.2249128919860627
3 0.1467511177347243 0.3231010452961673 0.04052160953800298 0.2027177700348432
0 0.8707749627421758 0.20905923344947736 0.047794336810730254 0.2027177700348432
0 0.10543964232488823 0.24707317073170731 0.039180327868852456 0.16470383275261324
2 0.9195380029806259 0.11243902439024392 0.04509687034277198 0.1552264808362369
2 0.07225037257824142 0.16153310104529617 0.02700447093889717 0.13937282229965156
5 0.5382265275707898 0.7697212543554007 0.08694485842026826 0.24707317073170731
5 0.45289120715350223 0.7855400696864111 0.08420268256333831 0.2787456445993031
6 0.6228912071535022 0.7158536585365853 0.07749627421758569 0.2787456445993031
6 0.37296572280178836 0.7412195121951219 0.07062593144560357 0.2977351916376307
4 0.6987481371087929 0.6683623693379791 0.07210134128166916 0.3040766550522648
4 0.30184798807749624 0.7095470383275261 0.06923994038748137 0.3040766550522648
1 0.7603874813710879 0.627177700348432 0.07077496274217586 0.272404181184669
1 0.24834575260804767 0.6715331010452962 0.06786885245901639 0.272404181184669
3 0.8016989567809241 0.5432404181184669 0.07214605067064082 0.2249128919860627
3 0.20567809239940385 0.6160975609756097 0.058360655737704915 0.2249128919860627
0 0.8592697466467959 0.47672473867595816 0.07081967213114755 0.21857142857142856
0 0.16232488822652757 0.5385017421602788 0.07189269746646797 0.2154006968641115
2 0.9046497764530551 0.3420905923344948 0.05050670640834575 0.15205574912891986
2 0.11763040238450076 0.4070383275261324 0.052727272727272734 0.1362020905923345