5 0.5491326530612245 0.35907079646017703 0.13969387755102042 0.40504424778761067
5 0.40852040816326535 0.36588495575221236 0.13845238095238094 0.40504424778761067
6 0.6648979591836734 0.3454867256637168 0.09185374149659864 0.36420353982300885
6 0.29341836734693877 0.3607964601769912 0.08879251700680273 0.37442477876106195
4 0.7433843537414966 0.35230088495575224 0.06311224489795918 0.3846017699115044
4 0.2254081632653061 0.35907079646017703 0.05479591836734694 0.3914159292035398
1 0.7852380952380953 0.3863274336283186 0.04743197278911565 0.30973451327433627
1 0.1848639455782313 0.40845132743362833 0.03651360544217687 0.26548672566371684
3 0.8172789115646258 0.3863274336283186 0.035663265306122446 0.20079646017699115
3 0.1613265306122449 0.4271681415929204 0.03127551020408163 0.20079646017699115
0 0.8473639455782312 0.37442477876106195 0.03568027210884354 0.20420353982300884
0 0.13712585034013605 0.40845132743362833 0.02998299319727891 0.16336283185840708
2 0.8754761904761904 0.3352654867256637 0.02391156462585034 0.1803982300884956
5 0.5138095238095238 0.6415929203539823 0.0900170068027211 0.3029203539823009
5 0.42552721088435375 0.6415929203539823 0.08874149659863946 0.2961061946902655
6 0.3392006802721088 0.6177876106194691 0.08091836734693877 0.2961061946902655
6 0.6047278911564625 0.6160619469026548 0.0886734693877551 0.313141592920354
4 0.262687074829932 0.6279646017699114 0.0744047619047619 0.3029203539823009
4 0.687125850340136 0.6177876106194691 0.07032312925170069 0.33694690265486726
1 0.7420748299319727 0.6279646017699114 0.05787414965986395 0.28929203539823006
1 0.20906462585034014 0.6415929203539823 0.05612244897959184 0.22123893805309736
3 0.7839285714285714 0.6313716814159291 0.04481292517006803 0.17358407079646015
3 0.1711394557823129 0.6296902654867257 0.04042517006802721 0.18380530973451328
0 0.8225170068027211 0.5820353982300884 0.05920068027210885 0.17699115044247787
0 0.13908163265306123 0.6194690265486725 0.04175170068027211 0.19061946902654867
2 0.8538945578231292 0.5428761061946903 0.03568027210884354 0.1395575221238938