5 0.5329289428076257 0.29765217391304344 0.1423743500866551 0.44817391304347826
5 0.39098786828422877 0.296 0.14109185441941074 0.43143478260869567
6 0.2750259965337955 0.3277391304347826 0.09048526863084923 0.33443478260869564
6 0.6562391681109185 0.31269565217391304 0.10367417677642982 0.38460869565217387
4 0.7442287694974004 0.3411304347826087 0.0723050259965338 0.28760869565217395
4 0.19838821490467937 0.32943478260869563 0.059861351819757366 0.33108695652173914
1 0.8008665511265165 0.34447826086956523 0.06299826689774697 0.3277391304347826
1 0.1563951473136915 0.3729130434782609 0.053206239168110916 0.29095652173913045
3 0.8435181975736568 0.34782608695652173 0.047019064124783364 0.24078260869565218
3 0.12374350086655114 0.35452173913043483 0.025233968804159446 0.20065217391304346
0 0.8841767764298094 0.3428260869565217 0.03771230502599654 0.17726086956521742
0 0.10308492201039861 0.35452173913043483 0.01856152512998267 0.15382608695652175
5 0.512946273830156 0.6521739130434783 0.09972270363951473 0.30769565217391304
5 0.4149740034662045 0.6605217391304348 0.09575389948006932 0.3578695652173913
6 0.3230155979202773 0.6538260869565217 0.08512998266897746 0.391304347826087
6 0.6075909878682842 0.6287826086956522 0.09169844020797227 0.35452173913043483
4 0.6915597920277295 0.6254347826086957 0.07566724436741767 0.3745652173913044
4 0.24237435008665512 0.6421304347826087 0.07050259965337954 0.3745652173913044
1 0.7548873483535529 0.6053478260869565 0.06965337954939341 0.2608695652173913
1 0.19105719237435007 0.603695652173913 0.045199306759098785 0.21739130434782608
3 0.7995320623916811 0.6086956521739131 0.05233968804159445 0.18730434782608696
3 0.16440207972270363 0.5869565217391305 0.034540727902946274 0.13043478260869565
0 0.8401906412478336 0.585304347826087 0.05369150779896014 0.17391304347826086
2 0.8628422876949741 0.5066956521739131 0.0350259965337955 0.11704347826086957