5 0.5756879606879607 0.44243161094224925 0.13756756756756758 0.466048632218845
5 0.4364864864864865 0.4474772036474164 0.1376167076167076 0.4694224924012158
6 0.6951228501228501 0.4390273556231003 0.10404176904176904 0.4187841945288754
6 0.31502457002457 0.4204559270516718 0.09944717444717445 0.41541033434650454
4 0.7906633906633906 0.4373556231003039 0.08496314496314496 0.36811550151975686
4 0.227002457002457 0.4221580547112462 0.07082309582309582 0.33772036474164135
1 0.8588943488943489 0.4390273556231003 0.05223587223587224 0.283677811550152
1 0.17514742014742013 0.40021276595744676 0.051732186732186734 0.2600607902735562
3 0.890958230958231 0.4221580547112462 0.05088452088452089 0.22966565349544074
3 0.13898034398034398 0.3596656534954407 0.03947174447174447 0.2397872340425532
0 0.9353194103194103 0.34109422492401215 0.03862407862407863 0.20264437689969605
0 0.10895577395577395 0.2701823708206687 0.023095823095823097 0.12832826747720363
2 0.9646560196560197 0.2701823708206687 0.020884520884520884 0.13507598784194527
5 0.5688820638820639 0.818966565349544 0.08624078624078624 0.32085106382978723
5 0.4767690417690417 0.822370820668693 0.09576167076167076 0.3343465045592705
6 0.6555405405405406 0.7987234042553191 0.08764127764127765 0.3343465045592705
6 0.386007371007371 0.7953495440729483 0.08343980343980344 0.34109422492401215
4 0.7394717444717445 0.7784498480243162 0.08084766584766585 0.34109422492401215
4 0.29934889434889433 0.77 0.08750614250614251 0.3309726443768997
1 0.8036240786240786 0.7277811550151976 0.06723587223587223 0.2127659574468085
1 0.22565110565110566 0.6838905775075987 0.07383292383292384 0.2262613981762918
3 0.8486609336609336 0.6619452887537994 0.05632678132678133 0.16209726443768996
3 0.18743243243243243 0.6129787234042553 0.051732186732186734 0.1519756838905775
0 0.8957371007371008 0.5842553191489361 0.054987714987714986 0.16209726443768996
0 0.14852579852579853 0.5488145896656536 0.05583538083538084 0.14522796352583586
2 0.9400982800982801 0.47620060790273555 0.056363636363636366 0.12832826747720363