5 0.5931372549019608 0.33550913838120106 0.16666666666666666 0.46736292428198434
5 0.4270833333333333 0.3289817232375979 0.16544117647058823 0.46475195822454307
5 0.44607843137254904 0.7454308093994778 0.10294117647058823 0.3629242819843342
5 0.5471813725490197 0.779373368146214 0.09681372549019608 0.40992167101827676
6 0.2818627450980392 0.30156657963446476 0.12254901960784313 0.4151436031331593
6 0.3425245098039216 0.7493472584856397 0.10416666666666667 0.402088772845953
6 0.6470588235294118 0.7676240208877284 0.10049019607843138 0.391644908616188
6 0.7346813725490197 0.2924281984334204 0.11642156862745098 0.45430809399477806
4 0.7493872549019608 0.7454308093994778 0.1017156862745098 0.4151436031331593
4 0.23897058823529413 0.6997389033942559 0.10049019607843138 0.360313315926893
4 0.8376225490196079 0.2845953002610966 0.08700980392156862 0.381201044386423
4 0.16850490196078433 0.2819843342036554 0.10661764705882353 0.381201044386423
1 0.15196078431372548 0.7245430809399478 0.07107843137254902 0.3733681462140992
1 0.8229166666666666 0.7049608355091384 0.07475490196078431 0.3342036553524804
1 0.08455882352941177 0.2545691906005222 0.058823529411764705 0.32114882506527415
1 0.9080882352941176 0.24673629242819844 0.056372549019607844 0.3263707571801567
3 0.875 0.6488250652741514 0.07107843137254902 0.2741514360313316
3 0.10845588235294118 0.6553524804177546 0.07230392156862746 0.30809399477806787
3 0.037377450980392156 0.2010443864229765 0.03799019607843137 0.3028720626631854
3 0.9466911764705882 0.22193211488250653 0.03799019607843137 0.2924281984334204
0 0.0508578431372549 0.5992167101827677 0.0821078431372549 0.3577023498694517
0 0.9283088235294118 0.6096605744125326 0.07475490196078431 0.33159268929503916
0 0.9797794117647058 0.14490861618798956 0.028186274509803922 0.25326370757180156
2 0.9515931372549019 0.45691906005221933 0.04534313725490196 0.17232375979112272