5 0.5825738916256158 0.30215538847117795 0.16525862068965516 0.4873182957393484
5 0.41498768472906405 0.30353383458646616 0.1721674876847291 0.490125313283208
6 0.2733866995073892 0.30909774436090226 0.11338669950738915 0.41213032581453635
6 0.7234975369458129 0.30215538847117795 0.11596059113300493 0.414937343358396
4 0.8377586206896551 0.25897243107769424 0.10708128078817734 0.44
4 0.1659975369458128 0.28403508771929825 0.10112068965517242 0.44
1 0.9287315270935961 0.27012531328320805 0.07565270935960591 0.367593984962406
1 0.08665024630541872 0.28403508771929825 0.06557881773399014 0.3564411027568922
3 0.9841256157635468 0.2617543859649123 0.029667487684729064 0.28403508771929825
3 0.03807881773399015 0.27847117794486215 0.050541871921182265 0.3007518796992481
5 0.5572783251231527 0.8493483709273183 0.10370689655172413 0.28962406015037595
5 0.4526108374384236 0.8521303258145363 0.10511083743842364 0.27847117794486215
6 0.3452093596059113 0.8479448621553884 0.11199507389162561 0.29796992481203005
6 0.6585098522167488 0.8326315789473685 0.10366995073891626 0.317468671679198
4 0.7638546798029556 0.8103508771929824 0.10636699507389163 0.367593984962406
4 0.24671182266009853 0.8242857142857143 0.09561576354679803 0.3341604010025063
1 0.8541502463054188 0.7560651629072682 0.10633004926108375 0.35922305764411033
1 0.1639408866995074 0.7713784461152882 0.09153940886699508 0.3341604010025063
3 0.9123029556650246 0.6961904761904761 0.08032019704433498 0.28962406015037595
3 0.11059113300492611 0.6864411027568922 0.08608374384236454 0.27012531328320805
0 0.9689162561576354 0.6390977443609023 0.062179802955665026 0.25340852130325814
0 0.046280788177339896 0.6474436090225564 0.08064039408866995 0.23669172932330826