5 0.5442926045016078 0.3191304347826087 0.1122668810289389 0.32608695652173914
5 0.435112540192926 0.33444816053511706 0.11096463022508038 0.31214046822742475
6 0.6447749196141479 0.3024080267558528 0.08602893890675241 0.29822742474916386
6 0.33733118971061093 0.3163210702341137 0.08688102893890676 0.29264214046822745
4 0.7211254019292604 0.29264214046822745 0.07265273311897105 0.28986622073578594
4 0.2482636655948553 0.3177257525083612 0.09093247588424437 0.2842809364548495
1 0.7834083601286174 0.27591973244147155 0.05527331189710611 0.25642140468227426
1 0.16789389067524116 0.32468227424749163 0.06686495176848875 0.21461538461538462
3 0.8296141479099678 0.24806020066889634 0.040546623794212214 0.25642140468227426
3 0.11564308681672027 0.30377926421404683 0.040080385852090034 0.22297658862876255
0 0.8704662379421221 0.16722408026755853 0.041897106109324754 0.18953177257525083
0 0.0814951768488746 0.2606020066889632 0.03072347266881029 0.1588628762541806
5 0.5329099678456592 0.5852842809364549 0.08463022508038585 0.2396989966555184
5 0.44651125401929265 0.5852842809364549 0.08594855305466238 0.23411371237458195
6 0.6146302250803859 0.5866889632107023 0.08466237942122186 0.2591973244147157
6 0.3614630225080386 0.5964214046822743 0.08456591639871383 0.26197324414715717
4 0.6862861736334406 0.5713377926421405 0.07263665594855305 0.278695652173913
4 0.28712218649517685 0.6020066889632107 0.072491961414791 0.2842809364548495
1 0.7485852090032155 0.5295317725752509 0.0740032154340836 0.24525083612040133
1 0.2254823151125402 0.5532441471571906 0.07487138263665595 0.2368896321070234
3 0.8061736334405145 0.4947157190635451 0.03919614147909967 0.23133779264214047
3 0.17123794212218652 0.5016722408026756 0.05480707395498393 0.1505016722408027
0 0.8530546623794213 0.4111036789297659 0.04458199356913183 0.16999999999999998
0 0.11966237942122188 0.4807692307692308 0.045450160771704176 0.1142809364548495