5 0.5597814207650273 0.32526785714285716 0.13763205828779598 0.44642857142857145
5 0.4232058287795993 0.3236607142857143 0.13768670309653916 0.4623660714285714
6 0.6755737704918032 0.33482142857142855 0.09655737704918033 0.3379910714285714
6 0.306775956284153 0.3491517857142857 0.09479052823315118 0.34120535714285716
4 0.760127504553734 0.33959821428571424 0.07316939890710383 0.3666964285714286
4 0.226775956284153 0.3555357142857143 0.06231329690346084 0.3603125
1 0.8141165755919854 0.36830357142857145 0.038069216757741345 0.2965625
1 0.17799635701275046 0.36352678571428576 0.03500910746812386 0.26785714285714285
3 0.8453369763205828 0.37785714285714284 0.027686703096539162 0.23276785714285714
3 0.1506921675774135 0.3555357142857143 0.022003642987249546 0.2136607142857143
0 0.8797996357012751 0.3475892857142857 0.03418943533697632 0.22321428571428573
0 0.1311657559198543 0.31089285714285714 0.02721311475409836 0.22004464285714284
5 0.5461384335154826 0.6377678571428572 0.08429872495446267 0.2742410714285714
5 0.4615846994535519 0.6441517857142857 0.0843351548269581 0.2933482142857143
6 0.6313296903460839 0.6409374999999999 0.08557377049180327 0.3061160714285714
6 0.37311475409836065 0.6361607142857143 0.08956284153005464 0.28379464285714284
4 0.7165391621129326 0.6537053571428572 0.07903460837887068 0.36352678571428576
4 0.28466302367941715 0.6520982142857142 0.08180327868852458 0.31566964285714283
1 0.7822404371584699 0.6409374999999999 0.04908925318761384 0.29973214285714284
1 0.22158469945355191 0.6218303571428571 0.04670309653916212 0.24236607142857142
3 0.8271220400728597 0.6489285714285715 0.04588342440801457 0.27102678571428573
3 0.18060109289617488 0.5995089285714286 0.04020036429872496 0.1913392857142857
0 0.8674499089253188 0.6074553571428571 0.043296903460837886 0.2072767857142857
0 0.1506921675774135 0.5675892857142857 0.035027322404371584 0.15308035714285714
2 0.12987249544626595 0.49107142857142855 0.02981785063752277 0.12116071428571429