5 0.5967401960784313 0.3574530831099196 0.1903186274509804 0.500455764075067
5 0.406139705882353 0.3574530831099196 0.1876593137254902 0.5123592493297587
6 0.7451593137254902 0.33214477211796245 0.10379901960784314 0.42597855227882037
6 0.2536642156862745 0.32916890080428957 0.11692401960784313 0.42597855227882037
4 0.8452205882352942 0.28150134048257375 0.09159313725490195 0.4676675603217158
4 0.1399877450980392 0.28597855227882035 0.1128921568627451 0.45278820375335116
1 0.9200980392156862 0.25021447721179624 0.05621323529411765 0.3932171581769437
1 0.048100490196078434 0.2680965147453083 0.07072303921568628 0.36343163538873996
3 0.9691053921568628 0.20257372654155498 0.042622549019607846 0.33959785522788205
5 0.555906862745098 0.7789812332439678 0.11681372549019607 0.39619302949061663
5 0.442218137254902 0.7789812332439678 0.11549019607843136 0.3902412868632708
6 0.3292279411764706 0.7387667560321716 0.11008578431372548 0.3812868632707775
6 0.6716176470588234 0.7491689008042896 0.1086029411764706 0.40214477211796246
4 0.7778063725490196 0.7015281501340483 0.09767156862745098 0.3902412868632708
4 0.22031862745098038 0.7283378016085791 0.11013480392156863 0.41404825737265416
1 0.860857843137255 0.6791689008042896 0.09491421568627452 0.3574530831099196
1 0.1297794117647059 0.6881233243967829 0.1006372549019608 0.35150134048257375
3 0.9146323529411765 0.5898123324396782 0.07447303921568628 0.29193029490616623
3 0.06104166666666667 0.6032171581769437 0.08840686274509804 0.300857908847185
0 0.9636519607843138 0.5108847184986596 0.07172794117647059 0.3366219839142091
0 0.02088235294117647 0.5391689008042896 0.0380514705882353 0.2680965147453083