5 0.5571824817518248 0.34053156146179403 0.16544525547445255 0.42634551495016615
5 0.39719708029197076 0.3488372093023256 0.1544963503649635 0.4152823920265781
5 0.5194598540145985 0.6976744186046512 0.0948905109489051 0.2823920265780731
5 0.42274452554744524 0.6976744186046512 0.10097810218978102 0.2823920265780731
6 0.2749343065693431 0.35853820598006647 0.08759124087591241 0.34607973421926913
6 0.33090510948905105 0.6962790697674419 0.08029197080291971 0.3239202657807309
6 0.6137518248175182 0.6630564784053157 0.0888029197080292 0.29069767441860467
6 0.6843065693430657 0.34053156146179403 0.0888029197080292 0.38205980066445183
4 0.763985401459854 0.3446843853820598 0.06813138686131387 0.35714285714285715
4 0.19829197080291971 0.35299003322259137 0.06813138686131387 0.37375415282392027
4 0.25303649635036496 0.7142857142857143 0.072992700729927 0.3599003322259136
4 0.6976934306569343 0.6810631229235881 0.07908029197080292 0.31006644518272425
1 0.8163065693430657 0.35853820598006647 0.055956204379562044 0.3073089700996678
1 0.14294890510948904 0.3751495016611296 0.040145985401459854 0.29069767441860467
1 0.1836934306569343 0.6422923588039867 0.06083211678832117 0.2103986710963455
1 0.7718978102189781 0.6243189368770764 0.06448175182481752 0.20209302325581394
3 0.8540145985401459 0.37790697674418605 0.02675912408759124 0.21318936877076414
3 0.11192700729927008 0.39727574750830563 0.024335766423357667 0.19102990033222592
3 0.13686131386861314 0.6035548172757474 0.032846715328467155 0.16056478405315613
3 0.8138686131386861 0.6077076411960133 0.04135766423357664 0.1744186046511628
0 0.8783503649635036 0.37930232558139537 0.024335766423357667 0.1716611295681063
0 0.10766423357664233 0.5897009966777409 0.032846715328467155 0.13843853820598007
0 0.8497518248175183 0.5869435215946843 0.035284671532846715 0.14950166112956811
0 0.09002919708029197 0.37375415282392027 0.017036496350364964 0.17717607973421926