5 0.5782019704433498 0.3107769423558897 0.17118226600985223 0.46616541353383456
5 0.40948275862068967 0.30701754385964913 0.16625615763546797 0.47869674185463656
5 0.5523399014778325 0.849624060150376 0.10467980295566502 0.2857142857142857
5 0.44642857142857145 0.8533834586466166 0.10467980295566502 0.2781954887218045
6 0.27032019704433496 0.3082706766917293 0.11206896551724138 0.41604010025062654
6 0.34236453201970446 0.843358395989975 0.10344827586206896 0.2982456140350877
6 0.6545566502463054 0.8295739348370927 0.09975369458128079 0.3208020050125313
6 0.7229064039408867 0.3007518796992481 0.11822660098522167 0.41102756892230574
4 0.16625615763546797 0.2781954887218045 0.10098522167487685 0.43609022556390975
4 0.2419950738916256 0.8245614035087719 0.09482758620689655 0.3308270676691729
4 0.7610837438423645 0.8107769423558897 0.11083743842364532 0.3684210526315789
4 0.8368226600985221 0.2656641604010025 0.10960591133004927 0.42606516290726815
1 0.854064039408867 0.7531328320802005 0.09975369458128079 0.3433583959899749
1 0.15886699507389163 0.7669172932330827 0.08620689655172414 0.3208020050125313
1 0.9267241379310345 0.2719298245614035 0.06773399014778325 0.3583959899749373
1 0.08435960591133004 0.2869674185463659 0.0603448275862069 0.3533834586466165
3 0.10283251231527094 0.6917293233082706 0.07512315270935961 0.2656641604010025
3 0.916256157635468 0.6979949874686717 0.07142857142857142 0.2932330827067669
3 0.9802955665024631 0.2518796992481203 0.03940886699507389 0.3032581453634085
3 0.035098522167487683 0.2832080200501253 0.04310344827586207 0.3007518796992481
0 0.04187192118226601 0.6478696741854637 0.07635467980295567 0.21804511278195488
0 0.9692118226600985 0.6340852130325815 0.059113300492610835 0.24561403508771928