5 0.5893366093366094 0.3322110552763819 0.18396805896805896 0.49693467336683417
5 0.403046683046683 0.335 0.1853931203931204 0.480175879396985
6 0.24952088452088453 0.3070854271356784 0.11584766584766584 0.4187688442211055
6 0.7374324324324324 0.3042964824120603 0.10950859950859951 0.44668341708542714
4 0.14647420147420148 0.25545226130653265 0.09541769041769042 0.43829145728643215
4 0.8418427518427518 0.23311557788944723 0.10272727272727274 0.46623115577889446
1 0.9141646191646191 0.19402010050251256 0.06454545454545454 0.3713065326633166
1 0.0837100737100737 0.23311557788944723 0.057223587223587224 0.34896984924623115
3 0.9557862407862407 0.15912060301507538 0.0358968058968059 0.3015075376884422
3 0.04412776412776413 0.19263819095477389 0.04632678132678133 0.31826633165829143
0 0.9827272727272728 0.11726130653266333 0.034545454545454546 0.22334170854271357
0 0.015466830466830467 0.1563316582914573 0.024496314496314498 0.26241206030150754
5 0.5572727272727273 0.7914572864321608 0.11164619164619163 0.3545477386934674
5 0.44194103194103196 0.7914572864321608 0.11577395577395577 0.3657286432160804
6 0.3273095823095823 0.7984422110552764 0.1130958230958231 0.3908542713567839
6 0.6664496314496314 0.7746984924623115 0.10614250614250614 0.3713065326633166
4 0.23996314496314497 0.7663316582914573 0.1021990171990172 0.41037688442211057
4 0.7722113022113023 0.7523618090452261 0.10474201474201475 0.4159798994974874
1 0.8506879606879607 0.660251256281407 0.08423832923832923 0.32663316582914576
1 0.17992628992628992 0.6797989949748744 0.08584766584766584 0.31547738693467337
3 0.8970884520884521 0.5764824120603015 0.06783783783783784 0.27638190954773867
3 0.12464373464373464 0.61 0.08449631449631449 0.2596231155778894
0 0.9475921375921377 0.480175879396985 0.08420147420147421 0.29035175879396985
0 0.06186732186732187 0.5457788944723618 0.10089680589680589 0.27638190954773867
2 0.027063882063882064 0.4047989949748744 0.05315724815724816 0.19542713567839196