5 0.544425087108014 0.3433590733590734 0.1580313588850174 0.5212355212355212
5 0.3901219512195122 0.3461003861003861 0.15306620209059232 0.5046718146718147
5 0.5307317073170732 0.7363320463320464 0.100801393728223 0.2647490347490347
5 0.4318118466898955 0.7280694980694981 0.09954703832752614 0.2647490347490347
6 0.26318815331010453 0.37370656370656374 0.100801393728223 0.421969111969112
6 0.3328745644599303 0.6935907335907335 0.09581881533101046 0.2950965250965251
6 0.6340243902439024 0.7073745173745174 0.10329268292682926 0.3226640926640926
6 0.678205574912892 0.3502316602316602 0.10951219512195122 0.4412741312741313
4 0.17857142857142858 0.3502316602316602 0.06844947735191638 0.4247104247104247
4 0.24888501742160282 0.7073745173745174 0.07466898954703832 0.25096525096525096
4 0.728588850174216 0.6811969111969112 0.08337979094076654 0.3750579150579151
4 0.7752613240418118 0.31440154440154444 0.08461672473867596 0.43023166023166026
1 0.8318815331010453 0.3350965250965251 0.04604529616724739 0.36127413127413127
1 0.13937282229965156 0.3764478764478765 0.03484320557491289 0.2785328185328185
1 0.7995296167247387 0.6577606177606178 0.05599303135888502 0.262007722007722
1 0.18790940766550523 0.6618918918918919 0.044790940766550526 0.19857142857142857
3 0.868588850174216 0.33783783783783783 0.03235191637630662 0.23992277992277994
3 0.11074912891986063 0.37370656370656374 0.024895470383275258 0.17374517374517376
3 0.8430836236933799 0.6218918918918919 0.03111498257839721 0.20683397683397683
3 0.15306620209059232 0.6136293436293436 0.027369337979094077 0.1571814671814672
0 0.8940940766550524 0.5818918918918919 0.0659581881533101 0.23166023166023167
0 0.12257839721254356 0.586061776061776 0.03360627177700348 0.1296138996138996