5 0.5438163265306123 0.2993333333333333 0.16567346938775512 0.4261333333333333
5 0.37755102040816324 0.2901777777777778 0.1620612244897959 0.4392
5 0.5126122448979592 0.6705777777777777 0.09844897959183674 0.3163555555555556
5 0.41477551020408165 0.6823555555555556 0.09483673469387754 0.33986666666666665
6 0.2533061224489796 0.29804444444444445 0.08404081632653061 0.33462222222222227
6 0.6746734693877551 0.3124 0.09604081632653062 0.3424888888888889
6 0.3139183673469388 0.6392 0.10444897959183673 0.3529333333333333
6 0.6146530612244898 0.6732 0.10324489795918368 0.3738666666666667
4 0.17706122448979592 0.2915111111111111 0.07083673469387755 0.3372444444444444
4 0.22628571428571428 0.6274666666666667 0.06842857142857144 0.3294222222222222
4 0.7106938775510204 0.6548888888888889 0.08883673469387755 0.3477333333333333
4 0.7605102040816326 0.3111111111111111 0.07322448979591838 0.35555555555555557
1 0.8181224489795919 0.3294222222222222 0.042020408163265306 0.29804444444444445
1 0.12424489795918368 0.3006666666666667 0.03240816326530612 0.29804444444444445
1 0.16626530612244897 0.5921777777777778 0.04681632653061225 0.25884444444444443
1 0.7821224489795918 0.6156888888888888 0.0540204081632653 0.2536
3 0.8451428571428572 0.31373333333333336 0.021612244897959182 0.20915555555555557
3 0.10624489795918368 0.28759999999999997 0.022816326530612243 0.23528888888888888
3 0.13324489795918368 0.5516444444444445 0.021612244897959182 0.17777777777777778
3 0.8271224489795919 0.5712444444444444 0.0360204081632653 0.17515555555555554
0 0.864938775510204 0.27711111111111114 0.018000000000000002 0.18302222222222223
0 0.11104081632653061 0.522888888888889 0.02040816326530612 0.1464
0 0.8601428571428572 0.525511111111111 0.03002040816326531 0.16733333333333333