5 0.6341188959660298 0.29961089494163423 0.18683651804670912 0.5006614785992217
5 0.43382165605095546 0.28922178988326847 0.19390658174097664 0.5006614785992217
5 0.6673673036093418 0.7483657587548639 0.13445859872611465 0.38132295719844356
5 0.532208067940552 0.7380155642023346 0.13021231422505308 0.35019455252918286
6 0.26469214437367306 0.3047859922178988 0.14154989384288746 0.3450194552529183
6 0.39065817409766457 0.7224513618677042 0.13870488322717622 0.3605836575875486
6 0.7961783439490446 0.31 0.1316348195329087 0.38132295719844356
6 0.7919320594479831 0.7483657587548639 0.11464968152866242 0.38132295719844356
4 0.9278131634819533 0.35536964980544744 0.1316348195329087 0.4461867704280156
4 0.10261146496815286 0.3294552529182879 0.17127388535031848 0.4306225680933852
4 0.24983014861995753 0.7470817120622568 0.1373036093418259 0.4150583657587549
4 0.8987898089171974 0.7872762645914397 0.09624203821656051 0.38132295719844356
1 0.10828025477707007 0.7937743190661478 0.14012738853503184 0.3164591439688716
1 0.9745222929936306 0.8054474708171206 0.04953290870488322 0.2671984435797665
3 0.026900212314225052 0.8054474708171206 0.05377919320594479 0.23607003891050585