5 0.5811425061425062 0.367248322147651 0.14574938574938576 0.42879194630872486
5 0.4364864864864865 0.37285234899328856 0.14034398034398035 0.4325167785234899
6 0.7039803439803439 0.37657718120805367 0.09657248157248158 0.3430201342281879
6 0.3170761670761671 0.38218120805369127 0.09535626535626536 0.37657718120805367
4 0.7933660933660933 0.3635234899328859 0.08152334152334152 0.391510067114094
4 0.2276904176904177 0.3952348993288591 0.07765356265356266 0.37285234899328856
1 0.8664004914004914 0.371006711409396 0.06453316953316954 0.3243959731543624
1 0.1614987714987715 0.41201342281879194 0.05447174447174448 0.28711409395973153
3 0.9209828009828009 0.3952348993288591 0.0508968058968059 0.2684563758389262
3 0.11577395577395577 0.42318791946308726 0.05312039312039312 0.2796308724832215
0 0.9673832923832925 0.3803020134228188 0.059103194103194104 0.29083892617449664
0 0.06937346437346437 0.41385906040268455 0.03676904176904177 0.28335570469798654
2 0.03936117936117936 0.371006711409396 0.02585995085995086 0.2796308724832215
5 0.575012285012285 0.7065771812080537 0.08706388206388208 0.2423489932885906
5 0.486990171990172 0.6953691275167785 0.08846437346437347 0.20506711409395972
6 0.6698648648648649 0.6804697986577182 0.09931203931203932 0.26473154362416107
6 0.3948648648648649 0.6916442953020134 0.09805896805896805 0.2423489932885906
4 0.30137592137592134 0.7046979865771812 0.08581081081081081 0.25355704697986575
4 0.7626658476658476 0.6990939597315436 0.08562653562653563 0.2796308724832215
1 0.8384029484029485 0.676744966442953 0.062407862407862405 0.29456375838926174
1 0.22018427518427516 0.7195973154362416 0.07356265356265357 0.28335570469798654
3 0.9032309582309582 0.669261744966443 0.06101965601965602 0.26473154362416107
3 0.15944717444717443 0.7028187919463087 0.050380835380835376 0.2721812080536913
0 0.9653194103194103 0.6469127516778523 0.06234643734643735 0.2348993288590604
0 0.10826781326781326 0.6879194630872483 0.054484029484029486 0.2423489932885906
2 0.07006142506142506 0.6431879194630872 0.043574938574938576 0.17523489932885905