5 0.5357276368491322 0.8660049627791563 0.10385847797062751 0.21836228287841192
5 0.44628838451268354 0.890818858560794 0.10656875834445927 0.20843672456575682
6 0.6365020026702269 0.8548387096774194 0.09982643524699598 0.23076923076923078
6 0.3735380507343124 0.8089330024813896 0.1079305740987984 0.228287841191067
4 0.7206008010680908 0.7704714640198511 0.1264886515353805 0.2655086848635236
4 0.27341789052069426 0.7766749379652605 0.11598130841121496 0.2729528535980149
1 0.7986915887850468 0.5880893300248139 0.13847797062750333 0.2729528535980149
1 0.20736982643524698 0.5669975186104218 0.13895861148197597 0.2655086848635236
3 0.8320560747663552 0.3535980148883375 0.1571562082777036 0.2655086848635236
3 0.15865153538050733 0.3387096774193548 0.1562883845126836 0.26054590570719605
0 0.8727636849132177 0.14516129032258066 0.19851802403204272 0.2853598014888337
0 0.12658210947930573 0.11786600496277916 0.2041388518024032 0.22084367245657568