5 0.5478571428571428 0.3721940928270042 0.14091836734693877 0.4008438818565401
5 0.40755102040816327 0.37371308016877636 0.13969387755102042 0.3857805907172996
5 0.5138435374149659 0.6841350210970464 0.08017006802721088 0.2290717299578059
5 0.4300340136054422 0.690168776371308 0.08746598639455783 0.24713080168776372
6 0.29518707482993195 0.36316455696202526 0.08746598639455783 0.34658227848101264
6 0.3431802721088435 0.6826582278481013 0.08624149659863946 0.2923628691983123
6 0.5976700680272109 0.6615611814345991 0.08260204081632654 0.2682278481012658
6 0.6687244897959184 0.36316455696202526 0.09596938775510204 0.3526160337552742
4 0.2137925170068027 0.34962025316455697 0.07289115646258504 0.379746835443038
4 0.2623979591836735 0.6690717299578058 0.07289115646258504 0.379746835443038
4 0.7537585034013605 0.30742616033755277 0.07409863945578231 0.409873417721519
4 0.6833163265306123 0.660042194092827 0.08382653061224489 0.3013924050632912
1 0.812687074829932 0.3089029535864979 0.04372448979591837 0.3345569620253165
1 0.15913265306122448 0.34810126582278483 0.03644557823129252 0.2923628691983123
1 0.1961904761904762 0.660042194092827 0.057091836734693875 0.2410970464135021
1 0.7610544217687075 0.6329113924050633 0.06681972789115646 0.23506329113924052
3 0.8467006802721089 0.30742616033755277 0.024302721088435373 0.25316455696202533
3 0.1311904761904762 0.33755274261603374 0.019438775510204082 0.24713080168776372
3 0.1585204081632653 0.6042616033755275 0.02307823129251701 0.2019409282700422
3 0.8084353741496599 0.5967510548523207 0.03280612244897959 0.2290717299578059
0 0.8776700680272109 0.3013924050632912 0.037653061224489796 0.1989029535864979
0 0.11418367346938775 0.3315189873417721 0.01457482993197279 0.18084388185654007
0 0.1360544217687075 0.5846835443037974 0.021870748299319728 0.11451476793248945
0 0.8430442176870748 0.5590717299578059 0.038877551020408165 0.1657805907172996
2 0.8649149659863945 0.5063291139240507 0.02914965986394558 0.13261603375527425