5 0.6036363636363636 0.37703601108033247 0.15742216687422167 0.4709141274238227
5 0.4486924034869241 0.37703601108033247 0.15195516811955168 0.4647645429362881
6 0.7205479452054795 0.34318559556786704 0.08195516811955168 0.4401385041551246
6 0.3228019925280199 0.3539612188365651 0.0938854296388543 0.4185872576177286
4 0.7876463262764632 0.27085872576177283 0.08889165628891656 0.45551246537396123
4 0.25017434620174345 0.31085872576177287 0.09530510585305106 0.4185872576177286
1 0.8505977584059775 0.21853185595567867 0.05986301369863014 0.40628808864265925
1 0.18584059775840597 0.2431578947368421 0.06904109589041095 0.4001108033240997
3 0.8983188044831881 0.19853185595567868 0.033599003735990035 0.28623268698060944
3 0.12496886674968866 0.22775623268698061 0.0497011207970112 0.30778393351800554
0 0.9322166874221669 0.18313019390581717 0.032229140722291404 0.24930747922437674
0 0.07032378580323785 0.1877562326869806 0.05663760896637608 0.27085872576177283
5 0.5870485678704856 0.7325207756232687 0.0915815691158157 0.30778393351800554
5 0.4922914072229141 0.724847645429363 0.10123287671232878 0.3047091412742382
6 0.683200498132005 0.7217728531855956 0.10130759651307596 0.3847368421052631
6 0.3892154420921545 0.7356232686980609 0.1025653798256538 0.3693351800554017
4 0.7828144458281445 0.6986703601108033 0.09858032378580324 0.4185872576177286
4 0.2861519302615193 0.7109972299168975 0.10391033623910335 0.4185872576177286
1 0.856824408468244 0.6324930747922438 0.08615193026151931 0.37240997229916895
1 0.20175591531755915 0.6294182825484764 0.09004981320049814 0.37240997229916895
3 0.8969364881693649 0.5170914127423822 0.0640348692403487 0.2585318559556787
3 0.1325778331257783 0.5863434903047091 0.09810709838107098 0.3908864265927978
0 0.9391407222914072 0.4416620498614958 0.07373599003735991 0.24930747922437674
0 0.06755915317559154 0.4616897506925207 0.09813200498132005 0.25238227146814407