5 0.5809859154929577 0.327683615819209 0.16231754161331627 0.4971751412429379
5 0.4145582586427657 0.3418079096045198 0.16494238156209987 0.5084745762711864
5 0.433124199743918 0.7810734463276836 0.11500640204865556 0.3700564971751412
5 0.5425864276568502 0.7584745762711864 0.10088348271446863 0.3587570621468927
6 0.7243661971830986 0.2951977401129944 0.12385403329065302 0.4265536723163842
6 0.2724583866837388 0.3093220338983051 0.11891165172855314 0.4096045197740113
6 0.3268758002560819 0.751412429378531 0.09969270166453265 0.3446327683615819
6 0.6520358514724712 0.7358757062146892 0.11749039692701665 0.3813559322033898
4 0.8331754161331627 0.2754237288135593 0.09309859154929577 0.403954802259887
4 0.16492957746478873 0.2810734463276836 0.09847631241997439 0.4152542372881356
4 0.2270166453265045 0.7443502824858758 0.09973111395646607 0.3361581920903955
4 0.7627656850192062 0.7429378531073446 0.10592829705505763 0.3446327683615819
1 0.8939948783610756 0.3163841807909605 0.03366197183098592 0.21468926553672316
1 0.09389244558258643 0.3220338983050847 0.03833546734955186 0.22033898305084745
1 0.14701664532650446 0.6652542372881356 0.080550576184379 0.2514124293785311
1 0.8402176696542895 0.6822033898305084 0.0662099871959027 0.2909604519774011
3 0.10476312419974391 0.6257062146892656 0.0626504481434059 0.20056497175141244
3 0.8690268886043534 0.6257062146892656 0.04443021766965429 0.17796610169491525
0 0.9042253521126761 0.5677966101694916 0.05850192061459667 0.20903954802259886
0 0.06892445582586428 0.5409604519774012 0.0780281690140845 0.20056497175141244