5 0.5764014466546112 0.33705627705627705 0.1572875226039783 0.4329004329004329
5 0.4227124773960217 0.33242424242424246 0.14960216998191683 0.45454545454545453
6 0.6977938517179023 0.35251082251082255 0.08491862567811935 0.3339393939393939
6 0.3039240506329114 0.3664069264069264 0.09023508137432187 0.36177489177489175
4 0.773996383363472 0.3509523809523809 0.06164556962025317 0.3988744588744589
4 0.2257866184448463 0.3834199134199134 0.06573236889692587 0.371038961038961
1 0.8230741410488246 0.3787878787878788 0.03580470162748644 0.2751948051948052
1 0.17283905967450272 0.4035064935064935 0.039927667269439415 0.2937662337662338
3 0.8514828209764919 0.3942424242424242 0.02546112115732369 0.23190476190476192
3 0.1463652802893309 0.3988744588744589 0.028318264014466545 0.21025974025974026
0 0.8740867992766727 0.36796536796536794 0.022332730560578662 0.17316017316017315
0 0.1244122965641953 0.3988744588744589 0.028318264014466545 0.15458874458874458
5 0.5525135623869801 0.7189177489177488 0.10435804701627487 0.34939393939393937
5 0.45952983725135627 0.7189177489177488 0.08889692585895118 0.3432467532467533
6 0.3639602169981917 0.6679220779220779 0.10184448462929475 0.3154112554112554
6 0.649367088607595 0.6864502164502164 0.0862386980108499 0.3463203463203463
4 0.7268535262206148 0.6679220779220779 0.06296564195298372 0.35251082251082255
4 0.2858408679927667 0.6802597402597402 0.07216998191681735 0.3463203463203463
1 0.7849728752260398 0.6756277056277056 0.05518987341772152 0.26281385281385283
1 0.22126582278481013 0.6833766233766234 0.05669077757685353 0.22264069264069264
3 0.8237070524412297 0.6307792207792208 0.034520795660036165 0.21645021645021645
3 0.18381555153707055 0.636969696969697 0.036039783001808316 0.16696969696969696
0 0.8527848101265822 0.5967965367965369 0.026184448462929475 0.15458874458874458
0 0.14830018083182642 0.5998701298701299 0.02960216998191682 0.14225108225108224
2 0.8721518987341772 0.5565800865800865 0.028770343580470162 0.11748917748917749
2 0.13345388788426762 0.5535064935064935 0.028318264014466545 0.09896103896103896