5 0.5212113055181695 0.5230547550432276 0.15045760430686408 0.37752161383285304
5 0.3704979811574697 0.4956772334293948 0.14783310901749663 0.4034582132564842
6 0.6497442799461642 0.569164265129683 0.10660834454912516 0.2910662824207493
6 0.2534320323014805 0.4783861671469741 0.0859757738896366 0.3170028818443804
4 0.7499865410497981 0.547550432276657 0.11336473755047106 0.3170028818443804
4 0.16596231493943472 0.4769452449567723 0.08600269179004037 0.3256484149855908
1 0.8287079407806192 0.5331412103746398 0.07168236877523552 0.27089337175792505
1 0.11886944818304171 0.4755043227665706 0.04834454912516824 0.2420749279538905
3 0.8771467025572006 0.5302593659942363 0.0663257065948856 0.22478386167146974
3 0.07916554508748318 0.42795389048991356 0.04162853297442799 0.2276657060518732
0 0.9343337819650068 0.46829971181556196 0.0676850605652759 0.21613832853025935
0 0.053606998654104974 0.3515850144092219 0.020107671601615074 0.138328530259366
2 0.978734858681023 0.40634005763688763 0.030026917900403766 0.16138328530259366
5 0.497671601615074 0.8213256484149856 0.0930820995962315 0.29394812680115273
5 0.40415881561238226 0.8170028818443804 0.08901749663526246 0.28530259365994237
6 0.5898519515477793 0.8314121037463977 0.08908479138627187 0.2680115273775216
6 0.31399730820995964 0.7997118155619597 0.09166890982503365 0.30835734870317005
4 0.6705921938088829 0.8371757925072046 0.08103633916554509 0.31412103746397696
4 0.22585464333781965 0.8357348703170029 0.08220726783310901 0.3227665706051873
1 0.7587348586810229 0.8530259365994236 0.09588156123822342 0.2881844380403458
1 0.17270524899057874 0.776657060518732 0.0862314939434724 0.27953890489913547
3 0.8280349932705249 0.7982708933717579 0.07302826379542396 0.2478386167146974
3 0.12761776581426648 0.7132564841498559 0.06582772543741587 0.2219020172910663
0 0.8926244952893675 0.7492795389048992 0.09995962314939434 0.23631123919308358
0 0.08858681022880215 0.6556195965417867 0.0631628532974428 0.1988472622478386
2 0.9477927321668911 0.6210374639769453 0.07037685060565275 0.21613832853025935
2 0.0657200538358008 0.5576368876080692 0.03625841184387618 0.11239193083573487