5 0.5445408163265306 0.37164556962025314 0.13840136054421767 0.39924050632911395
5 0.4045918367346939 0.379746835443038 0.13845238095238094 0.38949367088607595
6 0.6655442176870748 0.36514767932489456 0.1004251700680272 0.34729957805907175
6 0.29210884353741495 0.36514767932489456 0.08617346938775511 0.34729957805907175
4 0.7518707482993198 0.309957805907173 0.0716156462585034 0.4251898734177215
4 0.2123299319727891 0.360253164556962 0.07051020408163265 0.38299578059071726
1 0.8113775510204081 0.3180590717299578 0.0441156462585034 0.33105485232067505
1 0.15804421768707483 0.35540084388185655 0.0404421768707483 0.29535864978902954
3 0.8427891156462585 0.3180590717299578 0.02913265306122449 0.25966244725738397
3 0.130578231292517 0.34405063291139243 0.024761904761904763 0.24666666666666667
0 0.8774489795918369 0.3083544303797468 0.040918367346938773 0.19472573839662446
0 0.11358843537414967 0.3359493670886076 0.016904761904761905 0.17202531645569621
5 0.5157823129251701 0.6653586497890295 0.08608843537414966 0.28561181434599153
5 0.43207482993197277 0.6670042194092828 0.08612244897959184 0.3018565400843882
6 0.3444387755102041 0.6718565400843881 0.0939965986394558 0.30510548523206754
6 0.6053741496598639 0.658860759493671 0.08474489795918368 0.2921097046413502
4 0.6877721088435375 0.6459071729957806 0.0742517006802721 0.33105485232067505
4 0.26006802721088434 0.670253164556962 0.07702380952380952 0.379746835443038
1 0.7577551020408163 0.6248101265822785 0.062448979591836734 0.2629113924050633
1 0.19729591836734695 0.6524050632911392 0.06134353741496599 0.23367088607594938
3 0.8048469387755102 0.6037130801687765 0.03435374149659864 0.22721518987341774
3 0.1626360544217687 0.6069620253164557 0.03389455782312925 0.18827004219409282
0 0.8493197278911564 0.5452742616033754 0.0552891156462585 0.19472573839662446
0 0.14039115646258504 0.5923206751054853 0.03391156462585034 0.1330801687763713