5 0.6052220520673813 0.7443019943019943 0.08649310872894334 0.24452991452991452
5 0.5216385911179173 0.7870370370370371 0.09800918836140889 0.21603988603988603
6 0.677947932618683 0.7098860398860398 0.09667687595712099 0.2564102564102564
6 0.4253139356814702 0.7929629629629629 0.10952526799387442 0.24216524216524216
4 0.7819295558958653 0.6766381766381766 0.10811638591117917 0.2611680911680912
4 0.35258805513016844 0.698005698005698 0.0993415007656968 0.3039031339031339
1 0.811271056661562 0.4807692307692308 0.11831546707503829 0.23028490028490028
1 0.255635528330781 0.6327065527065527 0.11751914241960183 0.27301994301994303
3 0.8233996937212863 0.28014245014245015 0.14509954058192956 0.21367521367521367
3 0.2224655436447167 0.443960113960114 0.14557427258805514 0.2089173789173789
0 0.8329555895865237 0.09615384615384616 0.18209800918836141 0.19230769230769232
0 0.15229709035222053 0.2398005698005698 0.18638591117917302 0.3418803418803419
2 0.08782542113323125 0.06766381766381767 0.14920367534456355 0.11632478632478632