5 0.5489527720739219 0.4298591549295775 0.14474332648870636 0.4195774647887324
5 0.4084599589322382 0.45042253521126757 0.1358110882956879 0.4371830985915493
6 0.2936344969199179 0.4694835680751174 0.09351129363449692 0.352112676056338
6 0.667659137577002 0.41812206572769955 0.09209445585215606 0.4019718309859155
4 0.2037987679671458 0.4225352112676056 0.08585215605749487 0.4225352112676056
4 0.7587679671457905 0.37704225352112675 0.08948665297741273 0.42544600938967136
1 0.8319096509240246 0.4137558685446009 0.050965092402464066 0.3227699530516432
1 0.13965092402464066 0.4694835680751174 0.060205338809034906 0.3345070422535211
3 0.8704106776180698 0.42549295774647883 0.041437371663244356 0.2640845070422535
3 0.10373716632443533 0.5164319248826291 0.03969199178644763 0.22887323943661972
0 0.9165913757700205 0.4166666666666667 0.051704312114989735 0.2347417840375587
0 0.07293634496919918 0.5135211267605634 0.04741273100616016 0.24061032863849766
2 0.9621560574948665 0.36384976525821594 0.037618069815195075 0.14084507042253522
2 0.04213552361396304 0.506150234741784 0.03201232032854209 0.16727699530516432
5 0.5136755646817248 0.7717370892018779 0.0844558521560575 0.2640845070422535
5 0.4257905544147844 0.7922535211267606 0.08577002053388091 0.25821596244131456
6 0.6015811088295688 0.7776056338028169 0.08827515400410678 0.28169014084507044
6 0.3417453798767967 0.7746478873239436 0.07938398357289526 0.25234741784037557
4 0.6926694045174537 0.7584976525821596 0.0882340862422998 0.31981220657277
4 0.2589733059548255 0.7937089201877935 0.08839835728952772 0.34328638497652586
1 0.7741683778234086 0.7145070422535211 0.07408624229979466 0.24938967136150234
1 0.18135523613963037 0.7805164319248826 0.06661190965092402 0.28169014084507044
3 0.8402464065708418 0.6851643192488263 0.05739219712525667 0.2200469483568075
3 0.13515400410677617 0.7467605633802817 0.04353182751540041 0.22009389671361504
0 0.888993839835729 0.6528638497652582 0.05993839835728953 0.19070422535211268
0 0.0960369609856263 0.7306572769953051 0.03455852156057494 0.1936619718309859
2 0.9313347022587269 0.5692488262910798 0.04965092402464066 0.12910798122065728
2 0.06650924024640657 0.710093896713615 0.04484599589322382 0.15845070422535212