5 0.593947696139477 0.4358563535911602 0.14359900373599005 0.4358563535911602
5 0.4479950186799502 0.42972375690607734 0.14779576587795767 0.42972375690607734
6 0.3207222914072229 0.4036187845303868 0.1063387297633873 0.39593922651933705
6 0.7150186799501868 0.40975138121546967 0.09855541718555418 0.3898066298342542
4 0.8042590286425904 0.4036187845303868 0.08059775840597758 0.4143646408839779
4 0.221120797011208 0.39135359116022095 0.09254047322540473 0.40209944751381216
1 0.8678953922789538 0.4159116022099448 0.06956413449564135 0.34069060773480664
1 0.15678704856787049 0.38212707182320443 0.06351183063511831 0.3468508287292818
3 0.9169987546699876 0.40975138121546967 0.05435865504358655 0.33455801104972377
3 0.10560398505603985 0.37906077348066297 0.052465753424657535 0.34069060773480664
0 0.966799501867995 0.431243093922652 0.051606475716064755 0.26088397790055246
0 0.06133250311332503 0.36986187845303864 0.035890410958904106 0.24861878453038674
5 0.5635242839352428 0.770414364640884 0.07719800747198008 0.32535911602209944
5 0.481892901618929 0.770414364640884 0.08552926525529266 0.32535911602209944
6 0.39404732254047325 0.7458563535911602 0.08971357409713575 0.362182320441989
6 0.6472229140722292 0.7688674033149171 0.08408468244084683 0.3898066298342542
4 0.7385180572851805 0.7550552486187845 0.09511830635118305 0.3867403314917127
4 0.2889041095890411 0.7519889502762431 0.11189290161892901 0.374475138121547
1 0.8319053549190535 0.7734806629834254 0.08816936488169365 0.41129834254143643
1 0.20036114570361144 0.7412430939226519 0.09808219178082192 0.4143646408839779
3 0.8893150684931507 0.7412430939226519 0.0673972602739726 0.33455801104972377
3 0.11874221668742216 0.7320441988950276 0.06768368617683686 0.3898066298342542
0 0.9398256537982564 0.6875414364640884 0.030024906600249066 0.2639779005524862
0 0.057870485678704855 0.6829281767955802 0.059402241594022416 0.3775414364640884