5 0.6136338028169014 0.35144329896907217 0.13030985915492957 0.44673539518900346
5 0.4779295774647887 0.35457044673539523 0.14059154929577464 0.44673539518900346
6 0.7218169014084507 0.318659793814433 0.08864788732394366 0.43109965635738834
6 0.3563098591549296 0.32958762886597937 0.10223943661971832 0.37800687285223367
4 0.8018309859154928 0.2795876288659794 0.06946478873239437 0.42175257731958765
4 0.2615915492957746 0.30460481099656356 0.08691549295774648 0.3842611683848797
1 0.8562394366197182 0.27804123711340206 0.04516901408450704 0.3498969072164948
1 0.18861971830985913 0.268659793814433 0.06133802816901408 0.3498969072164948
3 0.8914366197183098 0.26553264604810994 0.041338028169014086 0.3498969072164948
3 0.13229577464788733 0.22491408934707904 0.05367605633802817 0.3561512027491409
0 0.083 0.1827491408934708 0.04729577464788732 0.271786941580756
5 0.5912394366197182 0.7044673539518901 0.07835211267605634 0.3405154639175258
5 0.5048309859154929 0.707594501718213 0.08983098591549296 0.3467697594501718
6 0.6712535211267605 0.6888316151202749 0.08477464788732395 0.3280068728522337
6 0.4158591549295775 0.691958762886598 0.08595774647887323 0.33426116838487974
4 0.7531830985915493 0.7044673539518901 0.0745774647887324 0.43422680412371134
4 0.32240845070422536 0.6763573883161512 0.10128169014084507 0.3905154639175258
1 0.8120704225352113 0.6623024054982818 0.06947887323943662 0.39986254295532647
1 0.24302816901408453 0.6045017182130584 0.08077464788732394 0.321786941580756
3 0.8594366197183099 0.5935738831615119 0.043887323943661974 0.2936426116838488
3 0.17390140845070423 0.5638831615120276 0.06026760563380282 0.23429553264604813
0 0.8984788732394365 0.5420274914089347 0.034943661971830985 0.1968041237113402
0 0.11309859154929577 0.4857731958762887 0.07945070422535211 0.24054982817869416
2 0.0606056338028169 0.3983161512027491 0.05626760563380282 0.19054982817869417