5 0.5854307116104869 0.3774526315789474 0.16726591760299625 0.41202105263157895
5 0.41692883895131083 0.37894736842105264 0.1655430711610487 0.3909684210526316
6 0.7316729088639201 0.36239999999999994 0.12523096129837702 0.36391578947368425
6 0.2760549313358302 0.3488631578947369 0.12279650436953808 0.36692631578947366
4 0.8466916354556805 0.33833684210526316 0.10208489388264669 0.4180421052631579
4 0.15837702871410736 0.32029473684210524 0.11214731585518102 0.42406315789473686
1 0.9340574282147315 0.31128421052631583 0.07002496878901374 0.3398526315789474
1 0.0718976279650437 0.29924210526315786 0.06403245942571785 0.3398526315789474
3 0.9839825218476903 0.32482105263157895 0.026242197253433207 0.23458947368421054
3 0.020187265917603 0.2751789473684211 0.035518102372034954 0.28570526315789474
5 0.5640449438202247 0.693242105263158 0.11021223470661673 0.3157894736842105
5 0.4543695380774032 0.6902315789473684 0.11203495630461922 0.3097684210526315
6 0.34827715355805244 0.6766947368421052 0.0995880149812734 0.3308210526315789
6 0.6737078651685393 0.687221052631579 0.10838951310861422 0.3218105263157895
4 0.7806991260923846 0.6631578947368421 0.10121098626716603 0.3338315789473684
4 0.24664169787765294 0.6300842105263158 0.11032459425717853 0.3278105263157895
1 0.8805493133583022 0.6255578947368421 0.09404494382022471 0.32482105263157895
1 0.14946317103620474 0.606021052631579 0.08717852684144818 0.2797052631578948
3 0.9509987515605494 0.593978947368421 0.050411985018726596 0.2556421052631579
3 0.076354556803995 0.5639157894736843 0.06224719101123596 0.23157894736842105
0 0.032659176029962544 0.5037684210526315 0.056916354556804 0.15338947368421052
0 0.9863171036204743 0.5278105263157895 0.02736579275905119 0.15938947368421053