5 0.5997461212976023 0.35091205211726384 0.15741889985895627 0.4175244299674267
5 0.4382228490832158 0.34055374592833876 0.16516220028208745 0.41456026058631923
6 0.7273342736248236 0.35534201954397393 0.09774330042313116 0.33166123778501627
6 0.3087447108603667 0.34498371335504885 0.0985472496473907 0.3286970684039088
4 0.8164174894217208 0.33758957654723126 0.07854724964739068 0.3849511400651466
4 0.2157968970380818 0.33312703583061887 0.0844851904090268 0.3819869706840391
1 0.8766713681241184 0.36866449511400656 0.04524682651622003 0.27540716612377847
1 0.14657263751763047 0.3583061889250814 0.05118476727785613 0.2783387622149837
3 0.9074471086036672 0.389413680781759 0.03755994358251058 0.21615635179153095
3 0.10620592383638927 0.3671986970684039 0.0319605077574048 0.21912052117263842
0 0.9305218617771509 0.39087947882736157 0.022186177715091678 0.1835830618892508
0 0.07671368124118477 0.359771986970684 0.029407616361071934 0.20433224755700324
5 0.587574047954866 0.6870032573289903 0.10486600846262341 0.33758957654723126
5 0.4856558533145275 0.6751465798045603 0.10105782792665727 0.34941368078175894
6 0.6837235543018335 0.6884690553745929 0.08431593794076164 0.3583061889250814
6 0.38566995768688295 0.7017915309446253 0.09596614950634698 0.3790228013029316
4 0.7664174894217207 0.7136482084690554 0.08300423131170663 0.3790228013029316
4 0.2914386459802539 0.7343648208469055 0.09727785613540198 0.3968078175895765
1 0.8446121297602257 0.749185667752443 0.06758815232722144 0.31387622149837135
1 0.2093935119887165 0.7477198697068405 0.09730606488011283 0.3168403908794788
3 0.8888434414668548 0.7358631921824104 0.05603667136812411 0.26947882736156353
3 0.14208744710860366 0.7195765472312704 0.06784203102961918 0.24872964169381107
0 0.9266713681241184 0.7106840390879479 0.04012693935119887 0.17175895765472313
0 0.10107193229901269 0.6929315960912051 0.06785613540197462 0.1776872964169381
2 0.9061495063469676 0.5759609120521172 0.0444851904090268 0.08586319218241042
2 0.11709449929478137 0.5641042345276873 0.058885754583921014 0.09771986970684039