5 0.5478103837471784 0.4712041884816754 0.22376975169300226 0.4288132635253054
5 0.33179458239277654 0.48366492146596857 0.20450338600451468 0.3939092495636998
6 0.1762415349887133 0.48616055846422335 0.10623024830699775 0.3290924956369982
6 0.7227313769751693 0.4699650959860384 0.125372460496614 0.33158813263525305
4 0.8355756207674944 0.42134380453752185 0.09308126410835214 0.3639965095986038
4 0.08595936794582393 0.4300698080279232 0.07724604966139954 0.3814485165794066
1 0.9016817155756207 0.40263525305410125 0.04557562076749436 0.2817277486910995
1 0.04405191873589165 0.4425305410122164 0.03534988713318284 0.2617801047120419
3 0.9371444695259593 0.37645724258289703 0.029469525959367946 0.1795113438045375
5 0.5252483069977427 0.7828446771378709 0.1302821670428894 0.18448516579406632
5 0.3978893905191873 0.7878359511343804 0.12388261851015801 0.2094240837696335
6 0.27215575620767496 0.7716230366492146 0.12392776523702032 0.24183246073298428
6 0.6574379232505644 0.751675392670157 0.12055304740406321 0.2368411867364747
4 0.1713995485327314 0.7504363001745201 0.07399548532731377 0.2692670157068063
4 0.7727088036117381 0.7442059336823735 0.09955981941309254 0.28671902268760907
1 0.8557336343115124 0.6756369982547993 0.05922121896162528 0.1894764397905759
1 0.10611738148984198 0.7043106457242583 0.05305869074492099 0.16205933682373472
3 0.9008690744920993 0.6020942408376964 0.030191873589164784 0.11717277486910994
3 0.0722686230248307 0.6457242582897034 0.017607223476297968 0.10471204188481675