5 0.5818304668304668 0.3560738255033557 0.14438574938574938 0.436241610738255
5 0.4399017199017199 0.37657718120805367 0.13898034398034398 0.42506711409395975
6 0.7033169533169533 0.37473154362416106 0.09584766584766584 0.3542281879194631
6 0.3211670761670762 0.3840268456375839 0.09535626535626536 0.3654026845637584
4 0.7927027027027027 0.3654026845637584 0.08087223587223587 0.37285234899328856
4 0.23178132678132676 0.3933557046979866 0.08038083538083539 0.37657718120805367
1 0.867076167076167 0.371006711409396 0.06588452088452089 0.3169127516778523
1 0.16422604422604423 0.41946308724832215 0.0571990171990172 0.2796308724832215
3 0.91485257985258 0.3896308724832215 0.060454545454545455 0.2721812080536913
3 0.11850122850122849 0.41573825503355705 0.05584766584766585 0.30946308724832217
0 0.966019656019656 0.37285234899328856 0.059103194103194104 0.28335570469798654
0 0.07551597051597052 0.41758389261744966 0.046314496314496315 0.26100671140939596
2 0.04071253071253071 0.3635234899328859 0.028587223587223588 0.26473154362416107
5 0.5784275184275184 0.6916442953020134 0.08896805896805897 0.26473154362416107
5 0.4876781326781327 0.6823154362416107 0.09303439803439804 0.25355704697986575
6 0.6705528255528256 0.6785906040268457 0.09310810810810811 0.2759060402684564
6 0.3948771498771499 0.673020134228188 0.092997542997543 0.25728187919463086
4 0.7626781326781328 0.673020134228188 0.08358722358722359 0.30946308724832217
4 0.3020761670761671 0.6841946308724832 0.08750614250614251 0.2796308724832215
1 0.8356879606879607 0.6618120805369128 0.06314496314496314 0.29456375838926174
1 0.2229115479115479 0.7028187919463087 0.07109336609336608 0.25728187919463086
3 0.9012039312039313 0.6506375838926174 0.06316953316953317 0.26473154362416107
3 0.1621867321867322 0.6935234899328858 0.053329238329238325 0.2684563758389262
0 0.9632923832923833 0.6506375838926174 0.07001228501228501 0.2497986577181208
0 0.11099508599508599 0.6897986577181208 0.057223587223587224 0.2237248322147651
2 0.07415233415233415 0.6413087248322148 0.043587223587223584 0.15661073825503355