5 0.7827566964285715 0.3579418344519016 0.15589285714285714 0.422572706935123
5 0.6259151785714286 0.36787472035794183 0.15966517857142856 0.4076510067114094
6 0.8887834821428572 0.36664429530201337 0.06360491071428571 0.3107158836689038
6 0.48023437500000005 0.3629082774049217 0.13120535714285714 0.3480089485458613
4 0.9532477678571428 0.3243847874720358 0.06035714285714285 0.37534675615212526
4 0.33703125 0.3243847874720358 0.15482142857142858 0.41512304250559284
1 0.2316517857142857 0.37409395973154363 0.09782366071428572 0.3057494407158836
3 0.13618303571428572 0.395234899328859 0.09537946428571428 0.24856823266219238
0 0.046294642857142854 0.3591946308724832 0.08674107142857143 0.23116331096196868
5 0.7362834821428572 0.7183668903803132 0.10072544642857142 0.3778299776286353
5 0.6327566964285715 0.727069351230425 0.10193080357142857 0.3902460850111857
6 0.81625 0.708434004474273 0.08216517857142858 0.33308724832214764
6 0.5211718750000001 0.708434004474273 0.12172991071428571 0.3579418344519016
4 0.8931250000000001 0.7046979865771812 0.07475446428571429 0.3653914988814318
4 0.3959486607142857 0.724586129753915 0.12911830357142856 0.4250559284116331
1 0.9433370535714286 0.6574720357941835 0.038828125 0.2858612975391499
1 0.26823660714285713 0.6972483221476511 0.12658482142857144 0.35545861297539144
3 0.17215401785714285 0.611476510067114 0.10795758928571429 0.23863534675615214
0 0.06489955357142857 0.5592841163310962 0.12402901785714285 0.19885906040268456