5 0.554862023653088 0.3630573248407643 0.1495137976346912 0.42038216560509556
5 0.40311432325886987 0.3614649681528662 0.15089356110381077 0.4299363057324841
6 0.680341655716163 0.3646496815286624 0.10348226018396846 0.3535031847133758
6 0.2789618922470434 0.339171974522293 0.09969776609724047 0.410828025477707
4 0.7723258869908016 0.3375796178343949 0.0804862023653088 0.4394904458598726
4 0.19291721419185281 0.3073248407643312 0.06951379763469119 0.43630573248407645
1 0.8373587385019711 0.3662420382165605 0.050289093298291725 0.34394904458598724
1 0.139053876478318 0.34076433121019106 0.04063074901445467 0.31210191082802546
3 0.8715111695137977 0.3328025477707006 0.021392904073587387 0.28343949044585987
3 0.11014454664914586 0.30095541401273884 0.030131406044678056 0.27070063694267515
0 0.8918791064388962 0.2802547770700637 0.02009198423127464 0.19745222929936307
0 0.09176084099868594 0.2754777070063694 0.01961892247043364 0.18789808917197454
5 0.5180814717477004 0.7038216560509554 0.09697766097240473 0.37579617834394907
5 0.42282522996057814 0.7133757961783439 0.09307490144546648 0.3885350318471338
6 0.3295532194480946 0.697452229299363 0.0957293035479632 0.3885350318471338
6 0.6172798948751642 0.7070063694267515 0.10350854139290407 0.39490445859872614
4 0.23889618922470435 0.7181528662420382 0.0852562417871222 0.4554140127388535
4 0.71580814717477 0.7308917197452229 0.09034165571616294 0.4554140127388535
1 0.17517739816031538 0.6178343949044586 0.06031537450722733 0.33121019108280253
1 0.7874113009198423 0.6767515923566879 0.08637319316688569 0.32802547770700635
3 0.8373455978975033 0.6385350318471338 0.039776609724047306 0.18789808917197454
3 0.1383968462549277 0.5875796178343949 0.036688567674113014 0.18789808917197454
0 0.8675689881734561 0.5748407643312102 0.03978975032851512 0.18152866242038215
0 0.11540078843626805 0.5222929936305732 0.03800262812089356 0.1464968152866242