5 0.5483118971061094 0.32468227424749163 0.1122668810289389 0.3316722408026756
5 0.4364630225080386 0.32749163879598664 0.1082797427652733 0.31494983277591976
6 0.33800643086816723 0.3177257525083612 0.09090032154340835 0.2842809364548495
6 0.6467684887459807 0.30658862876254184 0.08409967845659164 0.31214046822742475
4 0.2482636655948553 0.3163210702341137 0.08826366559485531 0.287056856187291
4 0.7244533762057878 0.29822742474916386 0.07334405144694534 0.2842809364548495
1 0.7874276527331189 0.27451505016722405 0.05527331189710611 0.24806020066889634
1 0.17056270096463022 0.3302675585284281 0.06418006430868167 0.21461538461538462
3 0.8316237942122187 0.2508361204013378 0.03385852090032154 0.26197324414715717
3 0.11832797427652732 0.30658862876254184 0.04009646302250804 0.21739130434782608
0 0.8718006430868167 0.16999999999999998 0.04382636655948553 0.2062541806020067
0 0.08081993569131833 0.25361204013377925 0.034742765273311896 0.1505016722408027
5 0.5362540192926045 0.5936454849498328 0.08815112540192926 0.20066889632107024
5 0.4498553054662379 0.5894648829431438 0.08416398713826367 0.20903010033444816
6 0.36479099678456595 0.5992307692307692 0.08554662379421223 0.26197324414715717
6 0.619967845659164 0.5852842809364549 0.07606109324758843 0.24525083612040133
4 0.28911575562700964 0.5894648829431438 0.06548231511254018 0.2591973244147157
4 0.6956591639871382 0.572742474916388 0.07469453376205788 0.2703344481605351
1 0.7539228295819935 0.5295317725752509 0.07601286173633441 0.2396989966555184
1 0.22281350482315113 0.5574247491638795 0.06684887459807073 0.2396989966555184
3 0.8068327974276528 0.4863545150501672 0.05054662379421222 0.19789297658862876
3 0.17458199356913184 0.5044481605351171 0.053472668810289385 0.13377926421404682
0 0.8570739549839229 0.43478260869565216 0.046511254019292604 0.15608695652173912
0 0.12234726688102893 0.47936454849498333 0.04276527331189711 0.11147157190635451