5 0.5589968152866243 0.11636636636636637 0.07402866242038217 0.15264264264264263
5 0.4820382165605096 0.10510510510510511 0.08202229299363056 0.15516516516516518
6 0.6366242038216561 0.1614114114114114 0.08386942675159235 0.1927027027027027
6 0.4031050955414013 0.11762762762762763 0.08603503184713376 0.1701801801801802
4 0.7142356687898089 0.19519519519519518 0.09584394904458599 0.2202102102102102
4 0.320843949044586 0.1463963963963964 0.1019904458598726 0.19768768768768769
1 0.7746019108280254 0.37537537537537535 0.11576433121019108 0.2202102102102102
1 0.29496815286624206 0.33783783783783783 0.11393312101910827 0.2002102102102102
3 0.8017993630573248 0.5518018018018018 0.1356687898089172 0.2127027027027027
3 0.23527070063694266 0.4804804804804805 0.12457006369426753 0.2352252252252252
0 0.8362898089171975 0.7907807807807807 0.16487261146496815 0.3003003003003003
0 0.18816878980891721 0.6944444444444444 0.1630732484076433 0.3078078078078078
2 0.88671974522293 0.950960960960961 0.15694267515923568 0.08507507507507507
2 0.12912420382165607 0.902912912912913 0.1617675159235669 0.1942042042042042