5 0.5772058823529411 0.3167082294264339 0.16176470588235295 0.48877805486284287
5 0.41299019607843135 0.314214463840399 0.1642156862745098 0.48877805486284287
5 0.5545343137254902 0.816708229426434 0.11397058823529412 0.3516209476309227
5 0.45159313725490197 0.7942643391521197 0.10661764705882353 0.4014962593516209
6 0.26715686274509803 0.27057356608478805 0.12745098039215685 0.44139650872817954
6 0.3425245098039216 0.786783042394015 0.1090686274509804 0.4114713216957606
6 0.6660539215686274 0.8017456359102244 0.10661764705882353 0.38154613466334164
6 0.7169117647058824 0.26683291770573564 0.11519607843137254 0.4488778054862843
4 0.14950980392156862 0.21571072319201995 0.11029411764705882 0.4164588528678304
4 0.22977941176470587 0.7942643391521197 0.11397058823529412 0.4014962593516209
4 0.7671568627450981 0.7668329177057357 0.09558823529411764 0.4513715710723192
4 0.8235294117647058 0.22069825436408977 0.09558823529411764 0.4314214463840399
1 0.07230392156862746 0.18453865336658354 0.0661764705882353 0.3541147132169576
1 0.8933823529411765 0.18453865336658354 0.06372549019607843 0.3541147132169576
1 0.15073529411764705 0.6982543640897756 0.0857843137254902 0.3640897755610973
1 0.8535539215686274 0.726932668329177 0.07475490196078431 0.371571072319202
3 0.8792892156862745 0.5910224438902744 0.07965686274509803 0.29925187032418954
3 0.1256127450980392 0.6097256857855362 0.08700980392156862 0.2967581047381546
3 0.9375 0.13092269326683292 0.031862745098039214 0.24688279301745636
0 0.9681372549019608 0.12094763092269327 0.056372549019607844 0.23192019950124687
3 0.029411764705882353 0.15336658354114713 0.049019607843137254 0.29177057356608477
0 0.05698529411764706 0.529925187032419 0.09681372549019608 0.30174563591022446
0 0.9313725490196079 0.5024937655860349 0.08088235294117647 0.3117206982543641