5 0.5471080139372823 0.34895752895752896 0.16052264808362368 0.5138223938223939
5 0.39369337979094077 0.3474903474903475 0.1485191637630662 0.5108494208494209
6 0.6831184668989547 0.35343629343629346 0.10554006968641115 0.4276833976833977
6 0.2657317073170732 0.36235521235521234 0.10435540069686411 0.44548262548262546
4 0.7782404181184669 0.3237451737451737 0.07871080139372823 0.42173745173745175
4 0.18066202090592334 0.3415444015444015 0.06820557491289199 0.43362934362934363
1 0.835191637630662 0.3445173745173745 0.04860627177700348 0.35046332046332046
1 0.14047038327526132 0.38166023166023166 0.03874564459930313 0.28216216216216217
3 0.8606620209059234 0.3549034749034749 0.024494773519163765 0.22868725868725867
3 0.11635888501742161 0.3727413127413128 0.025365853658536587 0.1871042471042471
0 0.8814285714285715 0.32965250965250964 0.01780487804878049 0.16633204633204632
5 0.5317073170731708 0.7157528957528957 0.10559233449477352 0.30293436293436293
5 0.4298780487804878 0.7172586872586872 0.09491289198606272 0.29401544401544405
6 0.33273519163763066 0.6964478764478764 0.10433797909407666 0.29401544401544405
6 0.6402264808362369 0.7038996138996139 0.10555749128919861 0.32077220077220076
4 0.2476480836236934 0.6742084942084943 0.06550522648083625 0.296988416988417
4 0.7326829268292683 0.6771428571428572 0.07604529616724738 0.36826254826254823
1 0.7990243902439024 0.643011583011583 0.05393728222996516 0.2702702702702703
1 0.19071428571428573 0.6608108108108108 0.04811846689895471 0.20494208494208493
3 0.8439024390243902 0.6162934362934364 0.033867595818815335 0.19305019305019305
3 0.15989547038327526 0.6162934362934364 0.03203832752613241 0.15741312741312743
0 0.8934843205574913 0.5702316602316603 0.06336236933797909 0.24949806949806952
0 0.13108013937282229 0.5910424710424711 0.0360801393728223 0.12474903474903476