5 0.5577372262773723 0.33524916943521593 0.16693430656934305 0.43491694352159466
5 0.3971824817518248 0.3488372093023256 0.15372262773722628 0.42584717607973427
6 0.6877956204379562 0.329202657807309 0.09054014598540147 0.386578073089701
6 0.2764379562043796 0.35790697674418603 0.08475912408759124 0.3654485049833887
4 0.7660729927007299 0.33674418604651163 0.06668613138686132 0.35940199335548173
4 0.1994744525547445 0.35335548172757475 0.06621897810218978 0.3684717607973422
1 0.8145109489051096 0.36093023255813955 0.05741605839416058 0.3110963455149502
1 0.1450802919708029 0.37149501661129564 0.03970802919708029 0.3020265780730897
3 0.8516496350364964 0.3775415282392027 0.03089051094890511 0.22348837209302325
3 0.11522627737226278 0.3956478405315615 0.03837956204379562 0.20538205980066446
0 0.8755328467153285 0.38056478405315614 0.03089051094890511 0.18122923588039866
0 0.09332846715328467 0.37299003322259133 0.021138686131386863 0.18421926910299005
5 0.5212408759124088 0.6689700996677741 0.0966131386861314 0.33524916943521593
5 0.4243795620437956 0.6674750830564784 0.094 0.3382724252491694
6 0.33150364963503653 0.6780398671096346 0.09402919708029196 0.3654485049833887
6 0.6147883211678832 0.6493355481727574 0.0872992700729927 0.33222591362126247
4 0.2565401459854014 0.6916279069767443 0.08743065693430657 0.4047176079734219
4 0.7003795620437956 0.652358803986711 0.08328467153284672 0.3503322259136213
1 0.772043795620438 0.6115946843853821 0.0627007299270073 0.2144518272425249
1 0.18886131386861316 0.6417940199335549 0.06621897810218978 0.22046511627906976
3 0.8131824817518247 0.6100996677740863 0.0468029197080292 0.18724252491694351
3 0.1444087591240876 0.6070764119601328 0.04633576642335766 0.15704318936877076
0 0.852978102189781 0.5799003322259136 0.03618978102189781 0.1691362126245847
0 0.11191240875912409 0.5919601328903654 0.03970802919708029 0.16308970099667774