5 0.5793302891933029 0.25618243243243244 0.14558599695585997 0.43354729729729735
5 0.4341248097412481 0.2590202702702703 0.14691019786910198 0.3997635135135135
6 0.6928614916286149 0.24773648648648647 0.0789193302891933 0.3716216216216216
6 0.3180974124809741 0.24493243243243243 0.08480974124809741 0.3490878378378378
4 0.7702130898021309 0.2604054054054054 0.07388127853881278 0.38570945945945945
4 0.23313546423135462 0.2421283783783784 0.08736681887366819 0.3659797297297297
1 0.8203044140030442 0.31672297297297297 0.04219178082191781 0.2730743243243243
1 0.18494672754946728 0.2646283783783784 0.03666666666666667 0.2646283783783784
3 0.84882800608828 0.33925675675675676 0.03585996955859969 0.18300675675675676
3 0.14943683409436836 0.27871621621621623 0.03414003044140031 0.1970608108108108
0 0.11266362252663623 0.2941891891891892 0.03669710806697108 0.16047297297297297
5 0.5425570776255707 0.7193243243243242 0.08726027397260273 0.3350337837837838
5 0.4588584474885845 0.7221283783783784 0.08474885844748858 0.3350337837837838
6 0.6243835616438357 0.7080405405405406 0.09412480974124811 0.3519256756756757
6 0.3789649923896499 0.7136824324324325 0.0923896499238965 0.34628378378378377
4 0.704261796042618 0.7108783783783783 0.07385083713850837 0.40260135135135133
4 0.3092237442922374 0.6770945945945945 0.09242009132420091 0.36881756756756756
1 0.7625875190258752 0.6995945945945946 0.05547945205479452 0.27871621621621623
1 0.2420091324200913 0.648918918918919 0.07975646879756469 0.25618243243243244
3 0.8012785388127854 0.6700337837837839 0.0345814307458143 0.2252364864864865
3 0.20079147640791475 0.5996621621621622 0.05567732115677321 0.2195945945945946
0 0.827275494672755 0.6066891891891892 0.03840182648401826 0.16047297297297297
0 0.1602130898021309 0.5686824324324324 0.04808219178082192 0.16891891891891891