5 0.522557200538358 0.5230547550432276 0.15314939434724092 0.37175792507204614
5 0.3731897711978465 0.4942363112391931 0.1451413189771198 0.40634005763688763
5 0.500349932705249 0.8342939481268011 0.0899192462987887 0.2507204610951009
5 0.4088559892328398 0.8227665706051873 0.09263795423956932 0.2507204610951009
6 0.6503903095558546 0.5634005763688761 0.10734858681022881 0.2968299711815562
6 0.25545087483176315 0.4755043227665706 0.08462987886944819 0.30547550432276654
6 0.31398384925975775 0.8025936599423631 0.09402422611036339 0.31412103746397696
6 0.5925302826379543 0.8357348703170029 0.09122476446837147 0.25936599423631124
4 0.7546837146702557 0.5432276657060519 0.10057873485868103 0.31412103746397696
4 0.1693270524899058 0.4711815561959654 0.0873485868102288 0.3314121037463977
4 0.22449528936742935 0.8328530259365994 0.08195154777927321 0.3227665706051873
4 0.6759623149394347 0.8515850144092219 0.07235531628532973 0.2910662824207493
1 0.8334185733512787 0.531700288184438 0.05958277254374159 0.2737752161383285
1 0.11550471063257065 0.4596541786743516 0.04430686406460296 0.2564841498559078
1 0.1706729475100942 0.770893371757925 0.07927321668909824 0.2680115273775216
1 0.758721399730821 0.8472622478386167 0.09519515477792732 0.2881844380403458
3 0.8791655450874832 0.521613832853026 0.06228802153432032 0.23054755043227665
3 0.075814266487214 0.4265129682997118 0.034912516823687754 0.23054755043227665
3 0.12290713324360698 0.707492795389049 0.061803499327052494 0.21037463976945245
3 0.8280215343203231 0.7910662824207493 0.07499327052489906 0.23919308357348704
0 0.9329878869448184 0.46253602305475505 0.06499327052489906 0.2276657060518732
0 0.0865679676985195 0.670028818443804 0.06720053835800807 0.1642651296829971
0 0.8953028263795424 0.7507204610951008 0.0911170928667564 0.2334293948126801
2 0.9558546433378197 0.6239193083573487 0.06686406460296097 0.21613832853025935
2 0.0657200538358008 0.5561959654178674 0.03895020188425303 0.08645533141210375
2 0.978734858681023 0.40057636887608067 0.030026917900403766 0.1786743515850144