5 0.5363951935914553 0.8548387096774194 0.10253671562082776 0.20595533498759305
5 0.44495327102803733 0.892059553349876 0.10122830440587449 0.20595533498759305
6 0.3715353805073431 0.8064516129032258 0.1092656875834446 0.22332506203473945
6 0.6365020026702269 0.8498759305210918 0.09982643524699598 0.23076923076923078
4 0.721935914552737 0.7692307692307693 0.12381842456608812 0.2679900744416873
4 0.27208277703604805 0.7741935483870968 0.12132176234979974 0.2630272952853598
1 0.8013618157543392 0.5806451612903226 0.13846461949265687 0.2679900744416873
1 0.2060080106809079 0.56575682382134 0.14136181575433912 0.2729528535980149
3 0.8333911882510013 0.34987593052109184 0.15447263017356475 0.2630272952853598
3 0.16062750333778372 0.33002481389578164 0.1600667556742323 0.27791563275434245
0 0.8754339118825101 0.141439205955335 0.19850467289719628 0.2729528535980149
0 0.12591455273698265 0.11662531017369727 0.20013351134846463 0.228287841191067