5 0.5794216133942162 0.25797297297297295 0.14774733637747337 0.4299662162162162
5 0.434855403348554 0.2533783783783784 0.14088280060882802 0.3961824324324324
5 0.5441552511415525 0.7202027027027027 0.08273972602739726 0.32861486486486485
5 0.45907153729071537 0.7248310810810811 0.0841552511415525 0.32554054054054055
6 0.3214155251141552 0.23496621621621622 0.08558599695585996 0.3593243243243243
6 0.6935616438356165 0.24722972972972976 0.07992389649923896 0.37777027027027027
6 0.37814307458143076 0.7109797297297297 0.08280060882800609 0.34091216216216214
6 0.6250837138508372 0.7140540540540541 0.07579908675799087 0.3593243243243243
4 0.77103500761035 0.25797297297297295 0.0743531202435312 0.38699324324324325
4 0.2328767123287671 0.22881756756756758 0.09115677321156773 0.3900337837837838
4 0.29859969558599697 0.6802702702702703 0.07315068493150685 0.3716216216216216
4 0.7018569254185693 0.7094594594594594 0.07438356164383561 0.38699324324324325
1 0.8229223744292237 0.30557432432432435 0.04048706240487063 0.27949324324324326
1 0.174779299847793 0.267195945945946 0.03030441400304414 0.25797297297297295
1 0.7661948249619482 0.6925675675675675 0.050837138508371384 0.267195945945946
1 0.23841704718417045 0.6541891891891891 0.07178082191780821 0.2702702702702703
3 0.8464383561643836 0.34091216216216214 0.02943683409436834 0.1904054054054054
3 0.14503805175038054 0.28256756756756757 0.02893455098934551 0.1904054054054054
3 0.19968036529680364 0.6004391891891891 0.05243531202435312 0.21192567567567566
3 0.8021613394216134 0.6680067567567567 0.0286910197869102 0.21192567567567566
0 0.11529680365296803 0.30557432432432435 0.033105022831050226 0.13820945945945945
0 0.15471841704718417 0.580472972972973 0.04 0.1535472972972973
0 0.8284474885844748 0.617331081081081 0.03974124809741248 0.1535472972972973