5 0.6284979423868312 0.14467605633802816 0.1384156378600823 0.20230985915492955
5 0.4910288065843621 0.11650704225352113 0.1365432098765432 0.20230985915492955
6 0.720164609053498 0.242 0.11596707818930041 0.18183098591549296
6 0.37411522633744854 0.14980281690140845 0.10475308641975307 0.18692957746478872
4 0.7837654320987655 0.37901408450704227 0.12345679012345678 0.1792676056338028
4 0.2927366255144033 0.2407042253521127 0.13281893004115225 0.1792676056338028
1 0.8174279835390946 0.5556901408450704 0.17209876543209876 0.17414084507042255
1 0.2366255144032922 0.38540845070422536 0.1589917695473251 0.18183098591549296
3 0.8576543209876543 0.6965352112676056 0.1776954732510288 0.17414084507042255
3 0.1776954732510288 0.5147323943661971 0.16835390946502057 0.1843661971830986
0 0.8847736625514403 0.8758028169014085 0.19454732510288064 0.2304788732394366
0 0.12345679012345678 0.7106197183098591 0.18705761316872427 0.28938028169014085
2 0.0804320987654321 0.8911549295774648 0.1608641975308642 0.20487323943661973