5 0.5872058823529412 0.33506527415143605 0.1739828431372549 0.478668407310705
5 0.42588235294117643 0.33652741514360307 0.16450980392156864 0.464177545691906
6 0.28294117647058825 0.3031592689295039 0.12100490196078431 0.42644908616187993
6 0.735625 0.29156657963446475 0.1146936274509804 0.4670757180156658
4 0.16926470588235296 0.288668407310705 0.10606617647058823 0.3858485639686684
4 0.839093137254902 0.2901044386422976 0.09022058823529412 0.3887467362924282
1 0.9003553921568628 0.24950391644908618 0.06846813725490196 0.33652741514360307
1 0.09166666666666666 0.2625587467362924 0.06525735294117647 0.32783289817232375
3 0.938468137254902 0.22483028720626633 0.046691176470588236 0.28720626631853785
3 0.04198529411764706 0.20597911227154048 0.03941176470588235 0.3133159268929504
0 0.974546568627451 0.1610182767624021 0.03174019607843137 0.2349869451697128
0 0.016115196078431374 0.14650130548302873 0.025796568627450982 0.24078328981723238
5 0.5429656862745098 0.7847519582245431 0.0963970588235294 0.4090600522193211
5 0.4429044117647059 0.7528198433420366 0.10051470588235294 0.3742297650130549
6 0.34284313725490195 0.7499216710182768 0.10736519607843137 0.41485639686684067
6 0.6437132352941176 0.7745953002610967 0.1045343137254902 0.39454308093994783
4 0.7492156862745099 0.7571801566579635 0.1004044117647059 0.4293472584856397
4 0.24073529411764705 0.710757180156658 0.09650735294117647 0.3597389033942559
1 0.8220588235294117 0.712219321148825 0.07450980392156863 0.3394255874673629
1 0.16041666666666668 0.7281723237597911 0.08564950980392157 0.3597389033942559
3 0.8703921568627451 0.6556396866840731 0.06496323529411764 0.2901044386422976
3 0.10868872549019608 0.6614360313315927 0.06932598039215686 0.3133159268929504
0 0.9221200980392158 0.6121148825065275 0.0703921568627451 0.32490861618798955
0 0.0521936274509804 0.5947258485639687 0.0897671568627451 0.34812010443864233
2 0.9527573529411765 0.45981723237597916 0.041789215686274514 0.17697127937336815
2 0.024276960784313725 0.39744125326370755 0.03941176470588235 0.16825065274151435