5 0.5757901234567901 0.3475897435897436 0.17116049382716048 0.42735897435897435
5 0.4064074074074074 0.3447179487179487 0.16985185185185186 0.4387435897435898
6 0.7177654320987654 0.3304871794871794 0.11004938271604939 0.3475897435897436
6 0.26925925925925925 0.33189743589743587 0.10407407407407407 0.29343589743589743
4 0.8199382716049383 0.34330769230769226 0.10048148148148148 0.38461538461538464
4 0.17532098765432097 0.3447179487179487 0.08079012345679012 0.3475897435897436
1 0.8878148148148148 0.38033333333333336 0.055246913580246915 0.24215384615384614
1 0.13075308641975308 0.3561282051282051 0.04103703703703704 0.22223076923076923
3 0.9385679012345679 0.34330769230769226 0.04979012345679012 0.18517948717948718
3 0.09303703703703704 0.32335897435897437 0.03144444444444444 0.1566923076923077
0 0.9797037037037036 0.30625641025641026 0.03334567901234568 0.16238461538461538
0 0.05669135802469136 0.2621025641025641 0.04380246913580246 0.16523076923076924
2 0.02445679012345679 0.18661538461538463 0.017765432098765434 0.11682051282051283
5 0.5277901234567901 0.7649487179487179 0.10534567901234568 0.3504358974358974
5 0.42492592592592593 0.7578461538461538 0.09441975308641976 0.3361794871794872
6 0.6320370370370371 0.7521282051282051 0.10862962962962962 0.3532820512820513
6 0.32892592592592595 0.7307692307692307 0.09993827160493828 0.3504358974358974
4 0.7355925925925927 0.7435897435897436 0.09633333333333334 0.36466666666666664
4 0.23909876543209874 0.707974358974359 0.08213580246913581 0.32764102564102565
1 0.8069012345679013 0.6595384615384616 0.08264197530864197 0.25356410256410256
1 0.1972716049382716 0.604 0.08077777777777778 0.22792307692307692
3 0.8699876543209877 0.6239230769230769 0.08541975308641975 0.2165128205128205
3 0.14995061728395062 0.5726410256410257 0.060222222222222226 0.18233333333333332
0 0.9413086419753087 0.5541282051282052 0.09366666666666668 0.21366666666666667
0 0.08823456790123457 0.5113846153846153 0.08767901234567901 0.19087179487179487
2 0.04982716049382716 0.41025641025641024 0.049296296296296296 0.11966666666666667