5 0.5804701627486437 0.33476190476190476 0.16034358047016276 0.4329004329004329
5 0.42435804701627483 0.3333333333333333 0.1518987341772152 0.44731601731601733
5 0.5551537070524413 0.7301731601731601 0.09282097649186256 0.3463203463203463
5 0.4629294755877034 0.7359307359307359 0.09162748643761302 0.3578787878787879
6 0.30198915009041594 0.36796536796536794 0.09282097649186256 0.37805194805194803
6 0.369493670886076 0.7027272727272728 0.09524412296564196 0.27995670995670996
6 0.6455696202531646 0.7041991341991342 0.0855877034358047 0.30593073593073594
6 0.7046473779385172 0.3434199134199134 0.0855877034358047 0.3463203463203463
4 0.22482820976491863 0.3823809523809524 0.05907775768535262 0.37805194805194803
4 0.2863110307414105 0.7186147186147186 0.07112115732368897 0.3232467532467532
4 0.7233273056057866 0.6955411255411255 0.06992766726943943 0.35207792207792205
4 0.779385171790235 0.34774891774891775 0.06148282097649186 0.38961038961038963
1 0.17600361663652803 0.39536796536796537 0.03857142857142857 0.30593073593073594
1 0.2236347197106691 0.6883116883116883 0.05184448462929476 0.2222077922077922
1 0.7878300180831826 0.6868831168831169 0.05907775768535262 0.2828138528138528
1 0.8300180831826401 0.36796536796536794 0.039783001808318265 0.27995670995670996
3 0.14768535262206148 0.3939393939393939 0.020488245931283906 0.22800865800865802
3 0.8559312839059674 0.391038961038961 0.02410488245931284 0.22800865800865802
3 0.1844484629294756 0.6320346320346321 0.026528028933092224 0.1616017316017316
3 0.8324231464737794 0.6248051948051948 0.0325497287522604 0.21645021645021645
0 0.8824593128390597 0.37662337662337664 0.026528028933092224 0.17025974025974025
0 0.12779385171790236 0.3968398268398268 0.01929475587703436 0.1471861471861472
0 0.14587703435804703 0.5887445887445888 0.048227848101265826 0.16740259740259741
0 0.8535262206148282 0.6003030303030302 0.033761301989150096 0.15584415584415584
2 0.8794394213381554 0.5829870129870129 0.0325497287522604 0.15584415584415584