5 0.5968137254901961 0.35924932975871315 0.19117647058823528 0.4932975871313673
5 0.40625 0.3512064343163539 0.1875 0.5093833780160858
5 0.5545343137254902 0.7855227882037533 0.1090686274509804 0.35924932975871315
5 0.44424019607843135 0.7815013404825737 0.11151960784313726 0.34584450402144773
6 0.2536764705882353 0.3230563002680965 0.11764705882352941 0.4316353887399464
6 0.3321078431372549 0.7305630026809652 0.11274509803921569 0.3726541554959786
6 0.7457107843137255 0.3284182305630027 0.10416666666666667 0.42091152815013405
6 0.6660539215686274 0.7359249329758714 0.11151960784313726 0.38337801608579086
4 0.8431372549019608 0.2774798927613941 0.09068627450980392 0.44235924932975873
4 0.13848039215686275 0.2855227882037534 0.11274509803921569 0.4477211796246649
4 0.2193627450980392 0.7184986595174263 0.11029411764705882 0.4128686327077748
4 0.7738970588235294 0.6970509383378016 0.10416666666666667 0.38605898123324395
1 0.9178921568627451 0.24128686327077747 0.058823529411764705 0.38605898123324395
1 0.04840686274509804 0.2613941018766756 0.06740196078431372 0.3512064343163539
1 0.1213235294117647 0.6769436997319035 0.0857843137254902 0.3351206434316354
1 0.8658088235294118 0.6823056300268097 0.07965686274509803 0.3512064343163539
3 0.96875 0.19571045576407506 0.04534313725490196 0.34316353887399464
3 0.0545343137254902 0.5938337801608579 0.0821078431372549 0.29222520107238603
3 0.9215686274509803 0.5857908847184986 0.06372549019607843 0.29222520107238603
0 0.9699754901960784 0.5201072386058981 0.05269607843137255 0.30563002680965146
0 0.016544117647058824 0.5160857908847185 0.03308823529411765 0.26005361930294907