5 0.5704488778054863 0.28913636363636364 0.20057356608478805 0.4621136363636364
5 0.3675187032418953 0.29545454545454547 0.20758104738154612 0.45454545454545453
5 0.5302867830423941 0.6679318181818181 0.12855361596009973 0.2904090909090909
5 0.39938902743142146 0.6830909090909091 0.12721945137157106 0.32575000000000004
6 0.19091022443890276 0.2651590909090909 0.1425436408977556 0.399
6 0.7415211970074813 0.2651590909090909 0.14371571072319203 0.41413636363636364
6 0.6604862842892768 0.6590909090909091 0.12296758104738155 0.32827272727272727
6 0.2629426433915212 0.7032727272727273 0.14527431421446385 0.39645454545454545
4 0.06209476309226932 0.2702045454545455 0.11765586034912719 0.40404545454545454
4 0.16321695760598504 0.6590909090909091 0.13145885286783043 0.3333409090909091
4 0.780997506234414 0.6628863636363637 0.11738154613466334 0.3712045454545455
4 0.8696508728179552 0.29418181818181816 0.11180798004987531 0.4419090909090909
1 0.899426433915212 0.7108636363636363 0.11872817955112219 0.4419090909090909
1 0.08288029925187032 0.6313181818181818 0.10932668329177059 0.3080909090909091
1 0.9465461346633416 0.3219772727272727 0.06967581047381546 0.38636363636363635
3 0.9631546134663342 0.65025 0.06605985037406484 0.3156590909090909
3 0.032069825436408975 0.6022727272727273 0.06413965087281795 0.2348409090909091
3 0.9853117206982543 0.35859090909090907 0.024501246882793017 0.2777727272727273