5 0.5335528596187176 0.29191304347826086 0.1411265164644714 0.4596086956521739
5 0.3918024263431542 0.28726086956521735 0.1398786828422877 0.4378695652173913
5 0.5106412478336222 0.6599565217391304 0.09532062391681109 0.2826086956521739
5 0.41471403812824953 0.6661304347826087 0.09655112651646447 0.3074347826086956
6 0.2760658578856152 0.3307391304347826 0.09161178509532063 0.32608695652173914
6 0.3237261698440208 0.677 0.08294627383015597 0.35404347826086957
6 0.6034835355285961 0.6397391304347826 0.08788561525129983 0.34782608695652173
6 0.6548700173310226 0.30591304347826087 0.10150779896013865 0.382
4 0.7409012131715771 0.3353913043478261 0.06809358752166378 0.29191304347826086
4 0.19993067590987867 0.332304347826087 0.0631369150779896 0.323
4 0.24511265164644716 0.6614782608695652 0.07180242634315424 0.3416086956521739
4 0.6870537261698441 0.6350869565217391 0.07675909878682842 0.35091304347826086
1 0.8027902946273829 0.3462608695652174 0.05818024263431543 0.3136521739130435
1 0.15412478336221838 0.3711304347826087 0.0482842287694974 0.2639565217391304
1 0.1894107452339688 0.6056086956521739 0.037140381282495666 0.21117391304347827
1 0.7538994800693241 0.6040434782608696 0.05694974003466204 0.24534782608695652
3 0.8455112651646447 0.3431739130434783 0.0445580589254766 0.25156521739130433
3 0.11760831889081455 0.3633478260869565 0.027227036395147314 0.1987391304347826
3 0.16154246100519928 0.573 0.025996533795493933 0.1211304347826087
3 0.8027902946273829 0.6024782608695652 0.043327556325823226 0.19256521739130433
0 0.8820277296360486 0.33852173913043476 0.02847487001733102 0.17391304347826086
0 0.13741767764298093 0.5760869565217391 0.022287694974003465 0.10869565217391304
0 0.8374523396880416 0.5838695652173913 0.045805892547660314 0.1614782608695652
2 0.8628422876949741 0.5093043478260869 0.03466204506065858 0.09317391304347826