5 0.585580589254766 0.2794756554307116 0.13301559792027728 0.351498127340824
5 0.45296360485268633 0.29531835205992507 0.13440207972270363 0.40621722846441943
6 0.6949046793760831 0.2866666666666667 0.09095320623916811 0.33131086142322097
6 0.3363431542461005 0.3097003745318352 0.1011265164644714 0.3486142322097378
4 0.7755459272097054 0.2938576779026217 0.07098786828422878 0.33996254681647936
4 0.24237435008665512 0.3068164794007491 0.08649913344887347 0.3831835205992509
1 0.8335181975736569 0.28808988764044946 0.045684575389948 0.3053932584269663
1 0.1710571923743501 0.3298876404494382 0.05852686308492202 0.3140449438202247
3 0.8781802426343154 0.27513108614232207 0.04436741767764298 0.30250936329588013
3 0.1204159445407279 0.3298876404494382 0.042547660311958405 0.2794756554307116
0 0.9188388214904679 0.33131086142322097 0.04038128249566725 0.2247191011235955
0 0.0824263431542461 0.3270037453183521 0.030571923743500866 0.22183520599250936
2 0.05776429809358752 0.299625468164794 0.02658578856152513 0.17861423220973782
5 0.5555979202772964 0.714494382022472 0.0890467937608319 0.3687640449438202
5 0.46963604852686314 0.7015355805243446 0.0877469670710572 0.3658801498127341
6 0.6429116117850953 0.7332209737827716 0.08559792027729636 0.3831835205992509
6 0.38032928942807626 0.7044194756554307 0.09045060658578856 0.3946816479400749
4 0.7288908145580589 0.7260299625468165 0.08162911611785095 0.39183520599250937
4 0.28570190641247833 0.6784644194756555 0.09878682842287695 0.3831835205992509
1 0.8035355285961872 0.6496629213483146 0.07098786828422878 0.30827715355805246
1 0.21105719237435008 0.6237453183520599 0.09074523396880416 0.2852059925093633
3 0.8435181975736568 0.5704494382022472 0.052357019064124787 0.25352059925093634
3 0.1584055459272097 0.5834082397003746 0.049202772963604854 0.18726591760299627
0 0.882842287694974 0.5459550561797754 0.04570190641247834 0.22183520599250936
0 0.11240901213171577 0.5574906367041198 0.05589254766031196 0.1699625468164794
2 0.9081629116117851 0.5171535580524345 0.02972270363951473 0.15846441947565543
2 0.07109185441941075 0.4753558052434457 0.04523396880415945 0.1555805243445693