5 0.6103553921568627 0.37692098092643056 0.17942401960784313 0.49348773841961857
5 0.42928921568627454 0.36632152588555855 0.17948529411764708 0.5086376021798364
6 0.766936274509804 0.3315258855585831 0.1364828431372549 0.5177111716621253
6 0.27204656862745097 0.36329700272479565 0.13189950980392157 0.47228882833787467
4 0.8860661764705882 0.3935694822888283 0.0997671568627451 0.44806539509536786
4 0.15088235294117647 0.40416893732970033 0.10471813725490196 0.43899182561307903
1 0.9548039215686275 0.40569482288828335 0.0439828431372549 0.30275204359673025
1 0.08009803921568627 0.40569482288828335 0.03938725490196079 0.3330245231607629
3 0.9833946078431373 0.4238692098092643 0.024926470588235293 0.24220708446866485
3 0.04401960784313726 0.3890463215258856 0.03259803921568628 0.26340599455040875
0 0.01542892156862745 0.34664850136239783 0.029889705882352943 0.23918256130790191
5 0.5627205882352941 0.7523433242506813 0.10100490196078432 0.3542234332425068
5 0.4558578431372549 0.7477929155313351 0.11050245098039216 0.33907356948228884
6 0.666875 0.7311444141689373 0.10784313725490197 0.33
6 0.3428553921568627 0.7538692098092643 0.11045343137254901 0.3572479564032698
4 0.7662622549019608 0.7114713896457766 0.0915563725490196 0.33907356948228884
4 0.24279411764705883 0.7311444141689373 0.09272058823529411 0.3723978201634877
1 0.8595098039215686 0.7160217983651226 0.08750000000000001 0.3057765667574932
1 0.15634803921568627 0.6978474114441418 0.08042892156862745 0.2755040871934605
3 0.9207720588235294 0.6569754768392371 0.03579656862745098 0.20588555858310628
3 0.09575980392156863 0.6539509536784741 0.04365196078431372 0.19376021798365123
0 0.9595710784313726 0.6161035422343325 0.042622549019607846 0.124141689373297
0 0.05627450980392157 0.5979291553133514 0.05165441176470588 0.124141689373297
2 0.025637254901960786 0.5404087193460491 0.03941176470588235 0.11806539509536784