5 0.5771273291925466 0.47468354430379744 0.18892857142857142 0.47468354430379744
5 0.3888509316770186 0.4693987341772152 0.18504658385093167 0.4799683544303797
5 0.5305434782608696 0.7832278481012658 0.09833850931677018 0.14768987341772152
5 0.421195652173913 0.7937658227848101 0.10222049689440993 0.16876582278481012
6 0.23097826086956522 0.4298417721518988 0.13069875776397516 0.4693987341772152
6 0.3125 0.7818987341772152 0.09704968944099379 0.22414556962025317
6 0.6508850931677019 0.7832278481012658 0.10610248447204969 0.22151898734177214
6 0.7356366459627329 0.4588607594936709 0.1281055900621118 0.43249999999999994
4 0.8618012422360248 0.3876582278481013 0.1190527950310559 0.4693987341772152
4 0.11063664596273291 0.37446202531645567 0.10998447204968943 0.5063291139240507
4 0.210916149068323 0.7779430379746836 0.1035248447204969 0.24262658227848102
4 0.7505124223602484 0.7845569620253164 0.08540372670807453 0.21889240506329113
1 0.9523757763975156 0.4074367088607595 0.06470496894409938 0.3612974683544304
1 0.029114906832298136 0.37183544303797467 0.05046583850931677 0.3639240506329114
1 0.11386645962732919 0.7304746835443038 0.08540372670807453 0.20041139240506328
1 0.8417391304347827 0.7265189873417722 0.08669254658385094 0.21360759493670886
3 0.04141304347826087 0.677753164556962 0.05951863354037267 0.23205696202531645
3 0.9258540372670807 0.6869620253164558 0.08152173913043478 0.18724683544303797