5 0.5497780859916782 0.282005076142132 0.13375866851595006 0.332766497461929
5 0.4180443828016644 0.2918781725888325 0.12918169209431346 0.3186802030456853
6 0.6615117891816921 0.27918781725888325 0.09278779472954231 0.3102030456852792
6 0.30865464632454925 0.2876395939086294 0.08915395284327324 0.29893401015228427
4 0.7477947295423023 0.2876395939086294 0.07432732316227462 0.30456852791878175
4 0.22854368932038835 0.2834263959390863 0.07378640776699029 0.28482233502538074
1 0.8078779472954231 0.3031472081218274 0.052773925104022186 0.22842639593908629
1 0.1707628294036061 0.2876395939086294 0.04453536754507628 0.23124365482233503
3 0.8548821081830791 0.28906091370558373 0.04509015256588072 0.22279187817258883
3 0.12839112343966713 0.28624365482233505 0.0460887656033287 0.22842639593908629
0 0.9080305131761444 0.27355329949238577 0.06206657420249653 0.1748477157360406
0 0.08833564493758668 0.2932994923857868 0.046102635228848825 0.18611675126903554
2 0.9527184466019417 0.23406091370558374 0.037420249653259366 0.12408629441624365
5 0.4950901525658807 0.799492385786802 0.07059639389736477 0.21715736040609138
5 0.4226768377253814 0.8037309644670051 0.079875173370319 0.23124365482233503
6 0.34332871012482663 0.7980710659898477 0.08144244105409154 0.2481725888324873
6 0.5705963938973647 0.8023096446700508 0.08597780859916783 0.22842639593908629
4 0.6584188626907074 0.7797461928934011 0.0859500693481276 0.262258883248731
4 0.2655201109570042 0.7741116751269036 0.07993065187239945 0.27918781725888325
1 0.727753120665742 0.7529695431472082 0.07976421636615812 0.23124365482233503
1 0.20850208044382804 0.7360406091370558 0.06762829403606102 0.24253807106598985
3 0.7886130374479889 0.709238578680203 0.06586685159500694 0.18893401015228425
3 0.16382801664355062 0.6810406091370558 0.06148404993065187 0.1832994923857868
0 0.8525520110957004 0.6415736040609137 0.09819694868238557 0.21715736040609138
0 0.1253120665742025 0.6317005076142131 0.07073509015256588 0.21431472081218272
2 0.9110957004160888 0.513248730964467 0.08585298196948682 0.18611675126903554
2 0.10142857142857142 0.5104314720812183 0.04454923717059639 0.15228426395939088