5 0.5735906862745098 0.3172568578553616 0.16310049019607845 0.4793516209476309
5 0.41295343137254903 0.31311720698254364 0.16588235294117648 0.49321695760598505
6 0.26455882352941174 0.26738154613466336 0.12509803921568627 0.440573566084788
6 0.7158823529411764 0.2632418952618454 0.11604166666666667 0.45441396508728177
4 0.8220710784313725 0.21336658354114713 0.09158088235294118 0.42670822942643394
4 0.1468014705882353 0.21336658354114713 0.10471813725490196 0.42117206982543637
1 0.8915073529411766 0.18009975062344138 0.06709558823529412 0.3546633416458853
1 0.0760171568627451 0.18980049875311722 0.07207107843137255 0.35189526184538655
3 0.9337009803921569 0.1426932668329177 0.037169117647058825 0.25768079800498755
3 0.031090686274509807 0.157930174563591 0.0503063725490196 0.27708229426433917
0 0.9622916666666667 0.12329177057356608 0.05078431372549019 0.22443890274314215
5 0.5525 0.8174064837905236 0.11817401960784314 0.3546633416458853
5 0.45515931372549023 0.7897007481296758 0.10323529411764705 0.39900249376558605
6 0.3455637254901961 0.7827680798004987 0.11008578431372548 0.41840399002493767
6 0.6648161764705882 0.7994014962593516 0.10588235294117648 0.37960099750623444
4 0.7648774509803922 0.7661346633416459 0.09631127450980392 0.4461097256857855
4 0.22575980392156864 0.7897007481296758 0.1210171568627451 0.39900249376558605
1 0.8526960784313725 0.727356608478803 0.0785906862745098 0.3629925187032419
1 0.14884803921568626 0.6968578553615961 0.08700980392156862 0.35189526184538655
3 0.8744730392156863 0.591571072319202 0.08401960784313726 0.29094763092269327
3 0.12230392156862745 0.5999002493765586 0.07748774509803921 0.2853865336658354
0 0.9309803921568627 0.5070573566084788 0.07528186274509804 0.293715710723192
0 0.06102941176470588 0.5333915211970075 0.10474264705882352 0.3020199501246883