5 0.5503597122302158 0.3518650793650794 0.1366906474820144 0.39154761904761903
5 0.41246402877697846 0.3663888888888889 0.1366906474820144 0.40476190476190477
5 0.5317805755395684 0.6812301587301587 0.08512589928057554 0.2671825396825397
5 0.4484352517985612 0.7010714285714286 0.08152877697841726 0.2698412698412698
6 0.30095323741007196 0.38492063492063494 0.0887230215827338 0.30952380952380953
6 0.6660611510791367 0.34523809523809523 0.08992805755395683 0.29365079365079366
6 0.36631294964028777 0.6613888888888888 0.08273381294964029 0.23809523809523808
6 0.6217086330935252 0.6772619047619047 0.09232014388489208 0.2857142857142857
4 0.7494064748201439 0.37567460317460316 0.07433453237410072 0.3386111111111111
4 0.711636690647482 0.7182539682539683 0.08512589928057554 0.3518650793650794
4 0.2787769784172662 0.6971031746031745 0.08992805755395683 0.3148015873015873
4 0.22302158273381295 0.3888888888888889 0.06955035971223023 0.35448412698412696
1 0.8081474820143885 0.4060714285714286 0.04316546762589928 0.2619047619047619
1 0.18224820143884893 0.42063492063492064 0.016780575539568344 0.20634920634920634
3 0.1624640287769784 0.42194444444444446 0.02037769784172662 0.1984126984126984
3 0.8321402877697842 0.45765873015873015 0.026384892086330936 0.20634920634920634
1 0.7835791366906475 0.7169444444444444 0.06115107913669065 0.2963095238095238
1 0.21343525179856115 0.6746031746031746 0.055161870503597124 0.21694444444444444
3 0.8303417266187051 0.6984126984126984 0.058758992805755396 0.23809523809523808
3 0.17865107913669065 0.6375793650793651 0.038363309352517985 0.14813492063492062
0 0.8854856115107913 0.4246031746031746 0.0539568345323741 0.22488095238095238
0 0.13908273381294964 0.39416666666666667 0.026384892086330936 0.20107142857142857
0 0.15048561151079137 0.604484126984127 0.046762589928057555 0.15079365079365079
0 0.8800899280575539 0.6600396825396826 0.05994604316546762 0.21956349206349204
2 0.11330935251798561 0.3492063492063492 0.02037769784172662 0.1640079365079365
2 0.12769784172661872 0.5568650793650795 0.03717625899280576 0.0978968253968254