5 0.5977504105090311 0.281455938697318 0.1664367816091954 0.48628352490421456
5 0.4272742200328407 0.2740996168582376 0.1690311986863711 0.5069348659003832
6 0.28520525451559936 0.23283524904214561 0.10972085385878488 0.4362068965517241
6 0.7316420361247947 0.2785057471264368 0.1038752052545156 0.4096551724137931
4 0.8232019704433498 0.31386973180076627 0.08495894909688013 0.4332567049808429
4 0.1980623973727422 0.28590038314176247 0.0819704433497537 0.4362068965517241
1 0.8604597701149425 0.44206896551724134 0.04835796387520525 0.3065134099616858
1 0.15955665024630541 0.42440613026819923 0.052939244663382595 0.28881226053639847
3 0.8901313628899836 0.4951340996168582 0.0319376026272578 0.1768199233716475
3 0.12860426929392446 0.4686206896551724 0.03147783251231527 0.22988505747126436
0 0.9210673234811165 0.5142911877394636 0.038275862068965515 0.1974712643678161
0 0.09513957307060755 0.47452107279693484 0.03781609195402299 0.20042145593869734
5 0.57376026272578 0.7279693486590039 0.11592775041050903 0.3949425287356322
5 0.45821018062397373 0.7235632183908046 0.1096551724137931 0.421455938697318
6 0.34960591133004926 0.7412260536398467 0.11221674876847292 0.4332567049808429
6 0.6855336617405583 0.7161685823754789 0.10704433497536946 0.42440613026819923
4 0.7783579638752052 0.7176628352490422 0.08049261083743843 0.4155555555555555
4 0.24983579638752054 0.7427203065134099 0.08701149425287356 0.42440613026819923
1 0.8282430213464695 0.7250191570881226 0.05717569786535304 0.30061302681992336
1 0.19807881773399014 0.7102681992337164 0.04912972085385879 0.3124137931034483
3 0.8674055829228243 0.7353256704980843 0.05972085385878489 0.21513409961685823
3 0.16839080459770114 0.7147126436781609 0.06050903119868637 0.21513409961685823
0 0.9065517241379311 0.7279693486590039 0.05215106732348112 0.1532567049808429
0 0.12292282430213465 0.7102681992337164 0.060525451559934315 0.1532567049808429