5 0.5372404371584699 0.34060402684563756 0.1335928961748634 0.49328859060402686
5 0.40542349726775956 0.348993288590604 0.12954918032786886 0.47651006711409394
6 0.30094262295081964 0.36073825503355705 0.0817896174863388 0.3859060402684564
6 0.6472131147540984 0.33557046979865773 0.08908469945355191 0.436241610738255
4 0.22786885245901642 0.3221476510067114 0.06952185792349727 0.5100671140939598
4 0.7305191256830601 0.2902684563758389 0.07545081967213114 0.5671140939597316
1 0.7988114754098361 0.3389261744966443 0.05635245901639344 0.40939597315436244
1 0.17528688524590164 0.34395973154362414 0.04357923497267759 0.35906040268456374
3 0.8404781420765027 0.3573825503355705 0.030423497267759562 0.3187919463087248
3 0.14934426229508196 0.3540268456375839 0.02993169398907104 0.2785234899328859
0 0.8712021857923498 0.34060402684563756 0.03453551912568306 0.27181208053691275
0 0.1322677595628415 0.29194630872483224 0.020382513661202185 0.2348993288590604
5 0.5133333333333333 0.6946308724832215 0.08034153005464481 0.31543624161073824
5 0.4354781420765027 0.6996644295302014 0.08036885245901638 0.32550335570469796
6 0.35284153005464475 0.697986577181208 0.08176229508196721 0.3691275167785235
6 0.5973360655737705 0.6946308724832215 0.08166666666666667 0.3825503355704698
4 0.6792896174863388 0.7063758389261745 0.08163934426229508 0.4597315436241611
4 0.2743169398907104 0.697986577181208 0.07222677595628416 0.47651006711409394
1 0.7571448087431695 0.6895973154362416 0.07068306010928962 0.39932885906040266
1 0.21693989071038253 0.6677852348993288 0.058592896174863386 0.30201342281879195
3 0.8015437158469946 0.6661073825503355 0.045423497267759565 0.24496644295302014
3 0.18280054644808744 0.6409395973154363 0.03948087431693989 0.2348993288590604
0 0.8425273224043716 0.6409395973154363 0.04545081967213115 0.2080536912751678
0 0.14386612021857922 0.6124161073825504 0.05725409836065573 0.20469798657718122