5 0.6056533333333334 0.32274247491638797 0.17569333333333334 0.5050167224080268
5 0.4336933333333333 0.3210702341137124 0.16776 0.5083612040133779
6 0.2870533333333333 0.3394648829431438 0.12248 0.44481605351170567
6 0.7529866666666667 0.3277591973244147 0.11630666666666667 0.43478260869565216
4 0.19641333333333333 0.3411371237458194 0.09052 0.45484949832775917
4 0.8409733333333334 0.3193979933110368 0.08168 0.431438127090301
1 0.8836266666666667 0.35785953177257523 0.04170666666666667 0.2809364548494983
1 0.13709333333333332 0.3511705685618729 0.05454666666666666 0.31438127090301005
3 0.9136266666666667 0.3311036789297659 0.03238666666666667 0.26755852842809363
3 0.09709333333333332 0.35618729096989965 0.03590666666666666 0.2909698996655518
0 0.07044 0.32441471571906355 0.022586666666666668 0.26755852842809363
0 0.9336133333333334 0.32608695652173914 0.01906666666666667 0.2508361204013378
5 0.5576666666666666 0.68561872909699 0.10105333333333334 0.3411371237458194
5 0.45436 0.6939799331103679 0.10509333333333333 0.34448160535117056
6 0.3503733333333333 0.6688963210702341 0.09979999999999999 0.3745819397993311
6 0.663 0.6505016722408027 0.10961333333333333 0.411371237458194
4 0.25906666666666667 0.7140468227424749 0.10916000000000001 0.40468227424749165
4 0.7523066666666667 0.6939799331103679 0.09030666666666667 0.3779264214046823
1 0.8276266666666667 0.6555183946488294 0.06229333333333333 0.31438127090301005
1 0.18774666666666667 0.637123745819398 0.06786666666666666 0.2909698996655518
3 0.8762933333333334 0.6187290969899666 0.04037333333333334 0.2408026755852843
3 0.14176 0.6287625418060201 0.04254666666666667 0.22742474916387959
0 0.9082933333333334 0.6505016722408027 0.03772 0.23745819397993312
0 0.11175999999999998 0.637123745819398 0.038560000000000004 0.17725752508361203
2 0.9336133333333334 0.6036789297658863 0.037733333333333334 0.23076923076923078
2 0.09176 0.5785953177257525 0.030573333333333334 0.1605351170568562