5 0.5867741935483871 0.27796610169491526 0.14550967741935483 0.4271186440677966
5 0.43841290322580645 0.29152542372881357 0.14557419354838708 0.44745762711864406
6 0.7093548387096774 0.2847457627118644 0.09965161290322581 0.4067796610169492
6 0.3152129032258064 0.2983050847457627 0.1056258064516129 0.3864406779661017
4 0.7970709677419355 0.2796610169491525 0.0764516129032258 0.4711864406779661
4 0.22103225806451615 0.33728813559322035 0.0876 0.423728813559322
1 0.8518967741935484 0.33220338983050846 0.05454193548387097 0.3525423728813559
1 0.16556129032258066 0.38305084745762713 0.06698064516129032 0.3389830508474576
3 0.8867354838709678 0.3305084745762712 0.033922580645161286 0.288135593220339
3 0.1255741935483871 0.40847457627118644 0.03602580645161291 0.288135593220339
0 0.9215612903225807 0.3135593220338983 0.04425806451612903 0.3016949152542373
0 0.09912258064516129 0.39322033898305087 0.03732903225806451 0.2576271186440678
2 0.06752258064516128 0.3728813559322034 0.03605161290322581 0.2576271186440678
5 0.5513032258064516 0.7050847457627119 0.08230967741935484 0.3728813559322034
5 0.46550967741935484 0.7203389830508474 0.08621935483870967 0.376271186440678
6 0.6396774193548387 0.7084745762711865 0.09703225806451614 0.3593220338983051
6 0.3771354838709677 0.7372881355932204 0.08753548387096774 0.36271186440677966
4 0.7377290322580645 0.7389830508474576 0.09449032258064517 0.4135593220338983
4 0.29198709677419354 0.7661016949152543 0.07983225806451613 0.37966101694915255
1 0.8035225806451614 0.7186440677966102 0.07646451612903225 0.3593220338983051
1 0.21910967741935483 0.7813559322033898 0.06824516129032258 0.3694915254237288
3 0.8486709677419355 0.6949152542372882 0.05841290322580646 0.27796610169491526
3 0.16878709677419354 0.7728813559322034 0.05794838709677419 0.31864406779661014
0 0.8944774193548387 0.7135593220338983 0.07003870967741936 0.2677966101694915
0 0.12492903225806451 0.7813559322033898 0.07085161290322581 0.28135593220338984
2 0.9260774193548388 0.6423728813559322 0.061019354838709676 0.26101694915254237
2 0.09460645161290322 0.7254237288135593 0.0644258064516129 0.27796610169491526