5 0.6289626556016598 0.21641791044776118 0.1172475795297372 0.23880597014925373
5 0.512116182572614 0.18407960199004975 0.11313969571230982 0.24378109452736318
6 0.3966528354080221 0.18159203980099503 0.11733056708160443 0.24378109452736318
6 0.7064038727524204 0.2935323383084577 0.1282710926694329 0.208955223880597
4 0.7568741355463348 0.43781094527363185 0.1324066390041494 0.15920398009950248
4 0.30123098201936377 0.2599502487562189 0.12567081604426003 0.27611940298507465
1 0.8274135546334717 0.6082089552238806 0.12408022130013831 0.17661691542288557
1 0.21272475795297374 0.43407960199004975 0.13952973720608575 0.31592039800995025
3 0.8758091286307055 0.8022388059701493 0.16831258644536654 0.21641791044776118
3 0.14704011065006917 0.6467661691542289 0.16030428769017982 0.29850746268656714
0 0.9138312586445367 0.9415422885572139 0.13096818810511757 0.11691542288557213
0 0.1034716459197787 0.8631840796019901 0.17553250345781465 0.2736318407960199