5 0.58663421418637 0.06436395759717314 0.14264255910987483 0.12367491166077739
5 0.43764951321279555 0.061837455830388695 0.1387204450625869 0.11862190812720848
6 0.725702364394993 0.0845583038869258 0.1108066759388039 0.14386925795053004
6 0.33435326842837276 0.10348056537102474 0.11094575799721836 0.13628975265017668
4 0.7853129346314325 0.20443462897526501 0.11965229485396384 0.15648409893992932
4 0.2678025034770515 0.19939929328621908 0.12090403337969403 0.15648409893992932
1 0.8220723226703756 0.34704946996466435 0.13755215577190544 0.14386925795053004
1 0.22707927677329626 0.334434628975265 0.1388038942976356 0.1539575971731449
3 0.8568289290681501 0.4896466431095406 0.14749652294853963 0.1413427561837456
3 0.19230876216968013 0.46567137809187276 0.1368289290681502 0.13376325088339222
0 0.8717246175243394 0.6537102473498233 0.16538247566063977 0.21706713780918727
0 0.16151599443671766 0.6183745583038869 0.16663421418636995 0.21706713780918727
2 0.8876216968011127 0.8404770318021201 0.16536856745479833 0.20696113074204947
2 0.13668984700973574 0.7963074204946996 0.16863699582753824 0.2094876325088339