5 0.6008210784313726 0.2958640226628895 0.1521936274509804 0.4406798866855524
5 0.44903186274509804 0.2943059490084986 0.15089460784313724 0.45640226628895186
6 0.7260906862745098 0.27855524079320115 0.09834558823529412 0.3808498583569405
6 0.3237867647058823 0.2880169971671388 0.09920343137254903 0.38716713881019826
4 0.8159436274509804 0.25654390934844196 0.08748774509803922 0.450113314447592
4 0.22848039215686275 0.25022662889518416 0.09106617647058823 0.450113314447592
1 0.8942279411764706 0.28328611898017 0.07254901960784314 0.365127478753541
1 0.15361519607843135 0.30059490084985835 0.0747671568627451 0.3556940509915014
3 0.9466421568627451 0.2864305949008499 0.049424019607843137 0.28328611898017
3 0.10392156862745097 0.2943059490084986 0.04890931372549019 0.2801416430594901
0 0.9806740196078432 0.254957507082153 0.03224264705882353 0.2581019830028329
0 0.05558823529411765 0.2612464589235127 0.05845588235294118 0.23920679886685553
5 0.585171568627451 0.7491218130311614 0.09366421568627452 0.3840226628895184
5 0.48783088235294114 0.7412747875354108 0.09778186274509805 0.36827195467422097
6 0.6804901960784313 0.7475637393767705 0.0969607843137255 0.3808498583569405
6 0.3911764705882353 0.7365439093484419 0.09781862745098038 0.365127478753541
4 0.7764705882352941 0.7569971671388103 0.09563725490196079 0.46269121813031167
4 0.2945098039215686 0.7554390934844193 0.09785539215686274 0.4658356940509915
1 0.8458946078431373 0.6373937677053825 0.07933823529411764 0.3179036827195467
1 0.22167892156862742 0.6295184135977338 0.085625 0.3462322946175637
3 0.8942279411764706 0.5823229461756374 0.06982843137254902 0.2895750708215297
3 0.16926470588235296 0.5571388101983002 0.07067401960784314 0.2581019830028329
0 0.9452818627450981 0.564985835694051 0.079375 0.2675354107648725
0 0.11481617647058823 0.5382436260623229 0.07341911764705882 0.23920679886685553
2 0.07056372549019607 0.4658356940509915 0.04756127450980392 0.1636827195467422