5 0.6043639921722114 0.6887417218543046 0.14320939334637967 0.5739735099337748
5 0.4621917808219178 0.6909271523178808 0.14326810176125243 0.5695364238410596
6 0.7217808219178082 0.626953642384106 0.0890215264187867 0.5209933774834438
6 0.33892367906066534 0.6490066225165563 0.09765166340508806 0.5121192052980132
4 0.807866927592955 0.5298013245033113 0.08123287671232876 0.5033112582781457
4 0.24305283757338553 0.5408609271523179 0.09377690802348337 0.525364238410596
1 0.8750489236790606 0.46357615894039733 0.05385518590998043 0.3708609271523179
1 0.17131115459882584 0.4966887417218543 0.05467710371819961 0.3841059602649007
3 0.9167710371819962 0.37304635761589405 0.03299412915851272 0.2604635761589404
3 0.12045009784735812 0.423841059602649 0.046868884540117416 0.3443708609271523
0 0.07608610567514677 0.31125827814569534 0.044266144814090025 0.3134437086092715