5 0.5841263940520446 0.31022792022792023 0.14563816604708799 0.39253561253561253
5 0.43752168525402724 0.32447293447293446 0.14431226765799257 0.3766951566951567
6 0.7066666666666667 0.29914529914529914 0.09944237918215613 0.36404558404558407
6 0.31500619578686495 0.3197150997150997 0.10306071871127634 0.3292307692307692
4 0.7920074349442379 0.2833048433048433 0.069182156133829 0.4083475783475784
4 0.22277571251548947 0.3181481481481482 0.0783271375464684 0.37037037037037035
1 0.8470631970260224 0.3307977207977208 0.049938042131350675 0.2943874643874644
1 0.16358116480793058 0.35928774928774926 0.06182156133828996 0.27541310541310543
3 0.8814869888475837 0.33712250712250713 0.04168525402726146 0.24376068376068377
3 0.11747211895910781 0.36245014245014245 0.049454770755885995 0.24376068376068377
0 0.9241511771995042 0.3039031339031339 0.041697645600991325 0.2215954415954416
0 0.07686493184634449 0.352962962962963 0.045340768277571254 0.19943019943019943
5 0.5662329615861215 0.7407407407407407 0.09608426270136308 0.3608831908831909
5 0.4726270136307311 0.7486609686609685 0.09337050805452292 0.35772079772079773
6 0.6591573729863693 0.7375783475783475 0.08916976456009912 0.3608831908831909
6 0.38039653035935567 0.7375783475783475 0.09340768277571251 0.3292307692307692
4 0.7493308550185874 0.7486609686609685 0.09118959107806691 0.3956980056980057
4 0.2867905824039653 0.7755555555555557 0.09344485749690211 0.4051851851851852
1 0.8105947955390335 0.705925925925926 0.07607187112763321 0.31655270655270656
1 0.21588599752168525 0.7280911680911681 0.08382899628252789 0.31655270655270656
3 0.8512019826517967 0.6536752136752136 0.07197026022304832 0.21843304843304845
3 0.16152416356877322 0.6916809116809117 0.07421313506815366 0.2627350427350427
0 0.8945600991325898 0.6172934472934473 0.0761090458488228 0.2025925925925926
0 0.10094175960346963 0.6663532763532763 0.08800495662949194 0.21207977207977208
2 0.9110780669144981 0.5144159544159544 0.08712515489467162 0.18042735042735042
2 0.07342007434944238 0.5555555555555556 0.07700123915737299 0.1867806267806268