5 0.5503846153846154 0.37136363636363634 0.16236972704714642 0.43967914438502675
5 0.3905086848635236 0.3862032085561497 0.1596774193548387 0.4456417112299465
6 0.6930645161290323 0.3327272727272727 0.12299007444168734 0.4456417112299465
6 0.2547518610421836 0.3668983957219251 0.10873449131513648 0.41294117647058826
4 0.8040198511166252 0.29561497326203207 0.09683622828784119 0.4901871657754011
4 0.1568982630272953 0.3342245989304813 0.086712158808933 0.4307754010695187
1 0.8853349875930522 0.2777807486631016 0.06655086848635236 0.418903743315508
1 0.09349875930521091 0.30155080213903745 0.05366004962779156 0.38919786096256687
3 0.93287841191067 0.24954545454545454 0.05140198511166253 0.39810160427807484
3 0.05076923076923077 0.2703475935828877 0.05091811414392059 0.37433155080213903
0 0.9714640198511166 0.23470588235294118 0.05057071960297767 0.38026737967914437
0 0.027332506203473945 0.24510695187165776 0.04816377171215881 0.38919786096256687
5 0.5111290322580645 0.7352941176470589 0.09258064516129033 0.33572192513368987
5 0.41739454094292805 0.7501604278074866 0.09488833746898263 0.3416577540106952
6 0.6048511166253102 0.7605347593582887 0.09813895781637716 0.37433155080213903
6 0.327803970223325 0.7263903743315508 0.08665012406947892 0.34759358288770054
4 0.7033870967741935 0.7709358288770053 0.09615384615384616 0.418903743315508
4 0.23683622828784118 0.7501604278074866 0.09770471464019852 0.3951336898395722
1 0.7950496277915632 0.7501604278074866 0.0899379652605459 0.3594652406417112
1 0.15965260545905707 0.7085561497326203 0.07292803970223326 0.311951871657754
3 0.8708560794044664 0.7367914438502674 0.06516129032258065 0.3386898395721925
3 0.09831265508684862 0.7011229946524065 0.06330024813895782 0.30898395721925137
0 0.9287468982630274 0.711524064171123 0.07621588089330025 0.29411764705882354
0 0.046637717121588096 0.686283422459893 0.06470223325062034 0.30898395721925137
2 0.9756079404466501 0.6357754010695187 0.04781637717121588 0.2614438502673797
2 0.02044665012406948 0.6253743315508021 0.03714640198511166 0.3059893048128342