5 0.6284242424242424 0.31133561643835617 0.15119696969696972 0.3735958904109589
5 0.4728181818181818 0.3315753424657534 0.15675757575757573 0.36424657534246574
6 0.751 0.31910958904109593 0.0933030303030303 0.30198630136986304
6 0.33234848484848484 0.32380136986301367 0.11825757575757576 0.32380136986301367
4 0.8240000000000001 0.36113013698630136 0.0526969696969697 0.31133561643835617
4 0.2318181818181818 0.37205479452054796 0.08248484848484848 0.33934931506849314
1 0.8529242424242424 0.37047945205479454 0.03068181818181818 0.19924657534246576
1 0.17054545454545456 0.37517123287671234 0.06460606060606061 0.2521917808219178
3 0.11613636363636365 0.38294520547945204 0.04396969696969697 0.1805821917808219
0 0.0824090909090909 0.34869863013698627 0.02607575757575758 0.11832191780821917
5 0.6394545454545455 0.7207191780821918 0.08783333333333333 0.29575342465753424
5 0.547878787878788 0.7440753424657535 0.09475757575757576 0.33623287671232877
6 0.45354545454545453 0.767431506849315 0.09340909090909091 0.3331164383561644
6 0.7255303030303031 0.7129452054794521 0.08366666666666667 0.2988698630136986
4 0.35783333333333334 0.739417808219178 0.09483333333333334 0.3082191780821918
4 0.7992121212121213 0.6880479452054794 0.06298484848484849 0.2988698630136986
1 0.26625757575757575 0.7285273972602739 0.08521212121212121 0.2615068493150685
1 0.8425909090909091 0.6646917808219178 0.05883333333333333 0.25839041095890414
3 0.20221212121212123 0.7035958904109588 0.08112121212121212 0.19301369863013698
3 0.8735757575757575 0.6320205479452056 0.03816666666666667 0.2054794520547945
0 0.15331818181818183 0.6102054794520548 0.0715 0.1805821917808219
2 0.12165151515151516 0.5245890410958904 0.05774242424242424 0.10897260273972603