5 0.5827509293680297 0.3086324786324786 0.14288723667905825 0.3956980056980057
5 0.43682775712515487 0.3323931623931624 0.14845105328376704 0.3545299145299145
5 0.5648574969021065 0.7407407407407407 0.09884758364312267 0.36720797720797715
5 0.47055762081784386 0.7407407407407407 0.08924411400247831 0.3482051282051282
6 0.3108798017348203 0.31655270655270656 0.1003097893432466 0.3292307692307692
6 0.7025154894671622 0.295982905982906 0.09603469640644362 0.36404558404558407
6 0.3797026022304833 0.7280911680911681 0.0892812887236679 0.31655270655270656
6 0.6591449814126393 0.7407407407407407 0.08641883519206939 0.3608831908831909
4 0.7892441140024783 0.2864957264957265 0.07397769516728625 0.4083475783475784
4 0.2220817843866171 0.32763532763532766 0.07970260223048327 0.36404558404558407
4 0.29091697645600995 0.7692307692307693 0.08793060718711275 0.3862108262108262
4 0.7493184634448575 0.7565811965811966 0.09602230483271375 0.39886039886039887
1 0.8463816604708798 0.3292307692307692 0.040297397769516734 0.27857549857549857
1 0.15739776951672863 0.35772079772079773 0.04944237918215613 0.2658974358974359
1 0.8098884758364313 0.6996011396011396 0.07396530359355638 0.3039031339031339
1 0.21107806691449815 0.7328205128205129 0.07695167286245354 0.31339031339031337
3 0.883543990086741 0.33871794871794875 0.034807930607187114 0.24692307692307694
3 0.11265179677819083 0.35928774928774926 0.04257744733581165 0.2374074074074074
3 0.16014869888475838 0.69008547008547 0.0769640644361834 0.2595726495726496
3 0.8553159851301115 0.6536752136752136 0.06568773234200743 0.22475783475783476
0 0.9152044609665428 0.32763532763532766 0.029318463444857498 0.20575498575498574
0 0.07686493184634449 0.3498005698005698 0.03707558859975217 0.20575498575498574
0 0.10301115241635687 0.6647578347578348 0.08662949194547707 0.2025925925925926
0 0.8966171003717472 0.6204558404558405 0.06842627013630731 0.17094017094017094
2 0.07342007434944238 0.5523931623931624 0.09076827757125155 0.1931054131054131
2 0.9145105328376704 0.5112250712250712 0.06567534076827757 0.1550997150997151