5 0.5584291187739464 0.41805555555555557 0.1172286079182631 0.3861111111111111
5 0.4345721583652618 0.4166666666666667 0.12492975734355044 0.38333333333333336
6 0.6650702426564495 0.40555555555555556 0.09605363984674328 0.34444444444444444
6 0.3183780332056194 0.3902777777777778 0.09432950191570881 0.35833333333333334
4 0.7487100893997446 0.39166666666666666 0.07182630906768837 0.35
4 0.23282247765006386 0.4 0.07904214559386974 0.36666666666666664
1 0.8080842911877395 0.38333333333333336 0.04758620689655172 0.29444444444444445
1 0.1683397190293742 0.38333333333333336 0.04969348659003831 0.31666666666666665
3 0.848301404853129 0.3541666666666667 0.031008939974457216 0.23055555555555557
3 0.12812260536398468 0.3638888888888889 0.03054916985951469 0.22777777777777777
0 0.8802298850574714 0.2972222222222222 0.0386845466155811 0.2388888888888889
0 0.0955683269476373 0.2861111111111111 0.047164750957854405 0.24444444444444444
2 0.911507024265645 0.24861111111111112 0.02720306513409962 0.14722222222222223
2 0.05789272030651341 0.21944444444444444 0.028033205619412516 0.18333333333333332
5 0.532911877394636 0.7388888888888889 0.07939974457215837 0.35
5 0.4518135376756066 0.7402777777777778 0.08278416347381863 0.3416666666666667
6 0.6184674329501916 0.7361111111111112 0.0896551724137931 0.3277777777777778
6 0.3592337164750958 0.7375 0.08409961685823754 0.33611111111111114
4 0.7046487867177522 0.7236111111111111 0.08329501915708812 0.3861111111111111
4 0.27241379310344827 0.7152777777777778 0.0866794380587484 0.36944444444444446
1 0.7665772669220945 0.6708333333333333 0.06162196679438059 0.2916666666666667
1 0.20154533844189018 0.6597222222222222 0.05734355044699872 0.26944444444444443
3 0.8195785440613027 0.6236111111111111 0.047598978288633464 0.18611111111111112
3 0.15047254150702424 0.625 0.05735632183908045 0.22777777777777777
0 0.868735632183908 0.5416666666666666 0.05399744572158365 0.24444444444444444
0 0.10704980842911876 0.5388888888888889 0.05482758620689655 0.24444444444444444
2 0.0732183908045977 0.4222222222222222 0.035683269476372924 0.18888888888888888