5 0.5819877675840979 0.46460063897763576 0.1615290519877676 0.3381150159744409
5 0.42402140672782873 0.4579233226837061 0.15394495412844036 0.3727476038338658
6 0.7196024464831804 0.4286581469648562 0.10859327217125382 0.3567731629392971
6 0.29599388379204894 0.38603833865814696 0.1221406727828746 0.4259744408945687
4 0.8005045871559633 0.4126837060702875 0.06912844036697248 0.36207667731629395
4 0.2195565749235474 0.376741214057508 0.07122324159021406 0.35408945686900956
1 0.8571865443425076 0.44329073482428116 0.04495412844036697 0.26891373801916935
1 0.16923547400611622 0.4353035143769968 0.04448012232415902 0.25293929712460067
3 0.9030428134556575 0.4286581469648562 0.04752293577981651 0.2502555910543131
3 0.1201834862385321 0.4712460063897764 0.05596330275229358 0.2662300319488818
0 0.9514678899082568 0.3913738019169329 0.04753822629969419 0.19702875399361022
0 0.06603975535168195 0.48057507987220444 0.052171253822629965 0.23696485623003197
5 0.5361467889908257 0.7161980830670927 0.08304281345565749 0.2715654952076677
5 0.45204892966360855 0.7028753993610224 0.0825993883792049 0.2289776357827476
6 0.6234097859327217 0.7082108626198083 0.08944954128440367 0.28753993610223644
6 0.36351681957186543 0.7122044728434505 0.09409785932721712 0.2742172523961661
4 0.7157798165137614 0.7401597444089456 0.08821100917431192 0.33012779552715654
4 0.26732415902140677 0.7268370607028753 0.09795107033639144 0.34079872204472844
1 0.7992201834862386 0.709520766773163 0.0742354740061162 0.26891373801916935
1 0.18579510703363916 0.7108626198083067 0.06995412844036697 0.2981789137380192
3 0.8501834862385321 0.6829073482428115 0.0436697247706422 0.21565495207667731
3 0.14185015290519878 0.7082108626198083 0.03047400611620795 0.21300319488817893
0 0.8992354740061163 0.6536102236421726 0.05770642201834863 0.19968051118210864
0 0.09597859327217126 0.7082108626198083 0.07636085626911315 0.22364217252396165
2 0.9444495412844036 0.5830670926517572 0.048807339449541284 0.16507987220447284
2 0.0431039755351682 0.6283386581469648 0.047079510703363914 0.20233226837060703