5 0.5798291721419185 0.3886861313868613 0.13111695137976348 0.4343065693430657
5 0.4458212877792378 0.40875912408759124 0.1364257555847569 0.41605839416058393
6 0.692838370565046 0.40693430656934304 0.09227332457293036 0.354014598540146
6 0.3302102496714849 0.4197080291970803 0.09180026281208936 0.3357664233576642
4 0.7802102496714849 0.35036496350364965 0.0804862023653088 0.40145985401459855
4 0.23889618922470435 0.3704379562043796 0.09314060446780552 0.3905109489051095
1 0.830131406044678 0.395985401459854 0.041090670170827855 0.2956204379562044
1 0.16203679369250987 0.3722627737226277 0.06032851511169513 0.2846715328467153
3 0.8675689881734561 0.35583941605839414 0.03716162943495401 0.2591240875912409
3 0.1140867279894875 0.3448905109489051 0.03537450722733246 0.3029197080291971
0 0.8997503285151117 0.3266423357664234 0.033232588699080155 0.19343065693430658
0 0.08584756898817346 0.33941605839416056 0.028817345597897503 0.20437956204379562
2 0.9352299605781866 0.3978102189781022 0.0621419185282523 0.23357664233576642
2 0.05496714848883048 0.29014598540145986 0.03277266754270697 0.20072992700729927
5 0.5581603153745072 0.7116788321167883 0.08565045992115639 0.34306569343065696
5 0.4688304862023653 0.7043795620437956 0.09086727989487517 0.3357664233576642
6 0.642904073587385 0.6843065693430657 0.08174770039421814 0.3102189781021898
6 0.3788304862023653 0.6788321167883211 0.08689881734559789 0.31386861313868614
4 0.7223915900131406 0.6897810218978102 0.07520367936925099 0.34306569343065696
4 0.2894875164257556 0.677007299270073 0.08685939553219447 0.3759124087591241
1 0.7913666228646518 0.6551094890510949 0.06077529566360053 0.2518248175182482
1 0.21 0.6514598540145985 0.0721287779237845 0.24452554744525548
3 0.8432588699080158 0.5967153284671532 0.043718791064388966 0.17153284671532848
3 0.16466491458607097 0.5967153284671532 0.06295663600525624 0.20802919708029197
0 0.8807095926412616 0.5437956204379562 0.04504599211563732 0.145985401459854
0 0.11474375821287779 0.5656934306569343 0.041944809461235216 0.16058394160583941
2 0.07402102496714849 0.49452554744525545 0.055098554533508544 0.17883211678832117