5 0.5538574938574938 0.5895918367346938 0.13211302211302212 0.6916326530612245
5 0.4221498771498771 0.5782142857142857 0.12807125307125308 0.7142857142857143
6 0.6671498771498771 0.5158673469387756 0.09447174447174447 0.6348979591836734
6 0.3075184275184275 0.5243877551020408 0.10082309582309582 0.6519387755102041
4 0.7585872235872236 0.45066326530612244 0.08632678132678132 0.6745918367346939
4 0.21676904176904174 0.45918367346938777 0.08310810810810812 0.6462755102040817
1 0.8268181818181818 0.45352040816326533 0.06723587223587223 0.5668877551020408
1 0.1649017199017199 0.4932142857142857 0.06948402948402949 0.5442346938775511
3 0.8766339066339067 0.4563265306122449 0.049520884520884524 0.436530612244898
3 0.12874692874692875 0.5158673469387756 0.05175675675675676 0.4194897959183673
0 0.9189434889434889 0.4336734693877551 0.04680589680589681 0.368469387755102
0 0.08643734643734644 0.49887755102040815 0.05996314496314496 0.4194897959183673
2 0.9667076167076167 0.34581632653061223 0.04409090909090909 0.32877551020408163
2 0.047542997542997546 0.4421938775510204 0.031314496314496315 0.3401530612244898