5 0.5790674846625767 0.41353932584269665 0.15375460122699386 0.40261235955056185
5 0.4229938650306749 0.40730337078651685 0.16062576687116564 0.40261235955056185
6 0.7079018404907976 0.3792134831460674 0.10119018404907976 0.3589325842696629
6 0.2853374233128835 0.3948314606741573 0.11705521472392638 0.3464325842696629
4 0.7944539877300614 0.3448876404494382 0.07532515337423314 0.39637640449438205
4 0.18651533742331286 0.3682865168539326 0.08029447852760736 0.36205056179775275
1 0.857840490797546 0.3651685393258427 0.052171779141104296 0.3246067415730337
1 0.1258527607361963 0.38233146067415735 0.05441717791411043 0.3152247191011236
3 0.8987239263803681 0.3589325842696629 0.04128834355828221 0.25592696629213485
3 0.07952147239263804 0.35424157303370785 0.03807361963190184 0.2652808988764045
0 0.9396196319018404 0.3480056179775281 0.044024539877300616 0.2715449438202247
0 0.035214723926380365 0.3246067415730337 0.053092024539877304 0.25592696629213485
5 0.5525153374233129 0.7194101123595505 0.09294478527607362 0.2715449438202247
5 0.4530061349693251 0.6928932584269663 0.09835582822085889 0.25592696629213485
6 0.6452024539877301 0.6772752808988765 0.09842944785276074 0.25592696629213485
6 0.3514601226993865 0.6882022471910112 0.10241717791411042 0.28401685393258425
4 0.7392515337423313 0.6819662921348315 0.08757055214723927 0.34019662921348315
4 0.2546748466257669 0.702247191011236 0.08602453987730062 0.36205056179775275
1 0.8183067484662576 0.6382584269662921 0.07397546012269939 0.2715449438202247
1 0.17289570552147238 0.6913202247191012 0.075079754601227 0.29025280898876404
3 0.873521472392638 0.6523033707865169 0.058993865030674844 0.24969101123595505
3 0.10950920245398774 0.6055056179775281 0.05461349693251533 0.21848314606741573
0 0.926 0.6179775280898876 0.07128834355828222 0.24345505617977528
0 0.04748466257668712 0.5898876404494382 0.08866257668711656 0.25592696629213485