5 0.5902348578491965 0.2688641975308642 0.16312731767614339 0.4170123456790123
5 0.4220148331273177 0.2647407407407407 0.1673053152039555 0.43071604938271607
6 0.726885043263288 0.25103703703703706 0.10744128553770087 0.3758518518518518
6 0.28401730531520397 0.2414320987654321 0.11106304079110012 0.3621481481481481
4 0.8223238566131026 0.23044444444444445 0.08138442521631645 0.4115308641975308
4 0.17965389369592089 0.2290864197530864 0.0946229913473424 0.4142716049382716
1 0.8779357231149567 0.26612345679012345 0.06630407911001236 0.31824691358024687
1 0.1096291718170581 0.25651851851851853 0.06718170580964153 0.3429382716049382
3 0.9095179233621755 0.28669135802469137 0.041594561186650184 0.2222222222222222
3 0.06431396786155748 0.24965432098765433 0.03699629171817058 0.24691358024691357
0 0.9486526576019778 0.214 0.03749072929542645 0.1865679012345679
0 0.025179233621755254 0.19340740740740742 0.038380716934487025 0.2277037037037037
5 0.5565883807169345 0.7915061728395062 0.09585908529048208 0.3100246913580247
5 0.45840543881334983 0.7956049382716051 0.10275648949320147 0.31824691358024687
6 0.6527194066749072 0.7859999999999999 0.09856613102595797 0.33745679012345675
6 0.35610630407911 0.7832592592592593 0.10142150803461063 0.3264691358024691
4 0.7536464771322621 0.776395061728395 0.09990111248454882 0.4005432098765432
4 0.25380716934487024 0.7846419753086419 0.09734239802224968 0.37311111111111117
1 0.8126946847960446 0.7050864197530864 0.07241038318912237 0.26338271604938274
1 0.17210135970333745 0.7338765432098766 0.09599505562422744 0.3045185185185185
3 0.8566378244746601 0.6625432098765431 0.0669097651421508 0.26612345679012345
3 0.12610630407911 0.6666666666666666 0.0754140914709518 0.2578765432098765
0 0.8951050679851669 0.6172839506172839 0.07592088998763906 0.2414320987654321
0 0.07735475896168109 0.606320987654321 0.07955500618046972 0.2578765432098765
2 0.9205067985166874 0.5322469135802469 0.06631644004944376 0.20849382716049383
2 0.041656365883807174 0.5116543209876543 0.06583436341161929 0.2331851851851852