5 0.582079510703364 0.47051118210862625 0.15954128440366974 0.3601597444089457
5 0.42434250764525994 0.45600638977635777 0.1554434250764526 0.36597444089456865
5 0.5369113149847095 0.7537060702875399 0.08033639143730886 0.2062300319488818
5 0.45284403669724776 0.730479233226837 0.0762079510703364 0.1713738019169329
6 0.29022935779816517 0.3804792332268371 0.11240061162079512 0.43565495207667737
6 0.7189755351681957 0.4196805111821087 0.11085626911314984 0.3630670926517572
6 0.6230886850152905 0.7464536741214057 0.08587155963302752 0.2033226837060703
6 0.36180428134556575 0.724664536741214 0.09431192660550458 0.2468690095846645
4 0.8030733944954129 0.39792332268370606 0.06290519877675842 0.3775718849840256
4 0.21796636085626914 0.37175718849840256 0.06795107033639143 0.35434504792332266
4 0.26452599388379205 0.7319169329073483 0.09434250764525995 0.35434504792332266
4 0.7148165137614679 0.7537060702875399 0.09417431192660551 0.2991693290734824
1 0.8565749235474007 0.43856230031948884 0.042079510703363916 0.2730031948881789
1 0.16446483180428134 0.44146964856230037 0.04157492354740061 0.24977635782747606
1 0.18252293577981651 0.7202875399361022 0.06935779816513761 0.3078594249201278
1 0.7995871559633027 0.7188498402555911 0.07191131498470948 0.25849840255591056
3 0.9031345565749235 0.4196805111821087 0.04905198776758409 0.25849840255591056
3 0.11720183486238533 0.4618210862619809 0.052706422018348624 0.24977635782747606
3 0.13805810397553517 0.724664536741214 0.022125382262996943 0.18297124600638978
3 0.8510091743119266 0.6825559105431309 0.030198776758409786 0.19169329073482427
0 0.9510856269113149 0.39792332268370606 0.04211009174311926 0.22073482428115018
0 0.06926605504587155 0.4821405750798722 0.04021406727828746 0.22073482428115018
2 0.04215596330275229 0.4138977635782748 0.016605504587155963 0.11907348242811502
0 0.09149847094801224 0.7057827476038339 0.07077981651376147 0.23817891373801917
0 0.8961773700305811 0.6462300319488818 0.06214067278287462 0.1771565495207668
2 0.043547400611620796 0.6346325878594249 0.05273700305810398 0.18297124600638978
2 0.9510703363914373 0.5896166134185303 0.04126911314984709 0.1568370607028754