5 0.5769556451612904 0.34 0.13679435483870966 0.4
5 0.43181451612903227 0.33835 0.13417338709677418 0.42335
6 0.6965524193548387 0.32835000000000003 0.09643145161290322 0.31665
6 0.312883064516129 0.315 0.10330645161290324 0.34335
4 0.7872782258064517 0.27165 0.08502016129032258 0.33
4 0.2161290322580645 0.32 0.08721774193548387 0.33335000000000004
1 0.8490927419354838 0.27335 0.03933467741935484 0.28
1 0.16372983870967742 0.37835 0.04423387096774194 0.27665
3 0.8719354838709678 0.3 0.03935483870967742 0.22
3 0.13483870967741934 0.38335 0.02945564516129032 0.2
0 0.906875 0.29835 0.033991935483870965 0.19
0 0.0985483870967742 0.36835 0.037540322580645165 0.17665
2 0.9351008064516129 0.26165 0.028629032258064516 0.12335000000000002
5 0.5252217741935483 0.73 0.09247983870967741 0.29335
5 0.4371975806451613 0.73335 0.08578629032258064 0.3
6 0.35185483870967743 0.76335 0.0844758064516129 0.34
6 0.6165927419354839 0.735 0.08705645161290322 0.30335
4 0.27122983870967743 0.7766500000000001 0.07645161290322582 0.36665
4 0.7026008064516129 0.68 0.08433467741935484 0.31335
1 0.7738306451612903 0.6683499999999999 0.06012096774193548 0.29
1 0.20203629032258064 0.73835 0.06705645161290322 0.31
3 0.8107862903225806 0.64 0.05608870967741936 0.22665
3 0.16709677419354838 0.73 0.05633064516129033 0.26665
0 0.8517741935483871 0.595 0.06816532258064517 0.15
0 0.1220766129032258 0.6916500000000001 0.07381048387096774 0.21
2 0.8873790322580645 0.525 0.0721774193548387 0.21664999999999998
2 0.0938508064516129 0.58665 0.07383064516129031 0.2