5 0.5428465346534653 0.2306199460916442 0.13585396039603959 0.4073045822102426
5 0.40741336633663366 0.23959568733153638 0.1372772277227723 0.4252830188679245
6 0.6617945544554455 0.23660377358490567 0.09929455445544555 0.3893261455525606
6 0.28849009900990097 0.24857142857142858 0.09745049504950494 0.37735849056603776
4 0.7573391089108911 0.2710512129380054 0.09521039603960398 0.42229110512129375
4 0.19774752475247526 0.27703504043126687 0.08648514851485148 0.39234501347708894
1 0.816460396039604 0.32194070080862536 0.059480198019801984 0.2785175202156334
1 0.14962871287128712 0.3024797843665768 0.06175742574257426 0.28150943396226413
3 0.8638985148514852 0.30099730458221025 0.05813118811881188 0.25455525606469004
3 0.101509900990099 0.2830188679245283 0.053527227722772276 0.25455525606469004
0 0.9140717821782178 0.28752021563342317 0.05402227722772277 0.20964959568733155
0 0.054764851485148515 0.25455525606469004 0.05079207920792079 0.19765498652291105
5 0.5229084158415841 0.7382479784366577 0.07673267326732673 0.33242587601078166
5 0.4424752475247525 0.7262533692722372 0.08638613861386138 0.3084636118598383
6 0.6047153465346535 0.7427493261455526 0.08082920792079208 0.3414285714285714
6 0.3586138613861386 0.7307547169811321 0.08367574257425743 0.3414285714285714
4 0.6844554455445544 0.7427493261455526 0.0780569306930693 0.3833423180592992
4 0.2802475247524752 0.6963072776280324 0.0754579207920792 0.3803504043126685
1 0.7552846534653466 0.7157951482479784 0.08283415841584159 0.32943396226415095
1 0.2108168316831683 0.6484097035040431 0.08235148514851486 0.2905121293800539
3 0.8109653465346535 0.6663611859838275 0.06773514851485148 0.2665498652291105
3 0.16132425742574258 0.6184366576819407 0.06587871287128713 0.24258760107816713
0 0.8666460396039604 0.6079784366576819 0.07737623762376238 0.23361185983827493
0 0.11251237623762375 0.5585444743935309 0.07277227722772277 0.20064690026954177
2 0.9092698019801981 0.5001617250673854 0.049900990099009904 0.1916711590296496
2 0.07126237623762376 0.462722371967655 0.04528465346534654 0.15274932614555256