5 0.629090909090909 0.3067808219178082 0.14868181818181817 0.3681506849315068
5 0.47381818181818186 0.3281849315068493 0.15631818181818183 0.3481849315068493
6 0.7528333333333334 0.3139383561643836 0.09625757575757576 0.2968150684931507
6 0.33053030303030306 0.3182191780821918 0.11724242424242423 0.3167808219178082
4 0.815939393939394 0.35674657534246573 0.06346969696969697 0.3082191780821918
4 0.23396969696969694 0.3667123287671233 0.08824242424242425 0.3396232876712329
1 0.8557121212121211 0.3695890410958904 0.04454545454545454 0.20263698630136986
1 0.16895454545454547 0.3767123287671233 0.06680303030303031 0.23972602739726026
3 0.12225757575757576 0.3752739726027397 0.04157575757575758 0.185513698630137
0 0.08627272727272726 0.3524657534246575 0.030227272727272728 0.1113013698630137
5 0.638560606060606 0.7177397260273973 0.08934848484848484 0.3167808219178082
5 0.546409090909091 0.7448630136986302 0.09695454545454546 0.3424657534246575
6 0.7250454545454545 0.7120547945205479 0.08110606060606061 0.3053767123287671
6 0.45109090909090915 0.7562671232876713 0.09572727272727273 0.3310616438356164
4 0.7963787878787879 0.6806506849315068 0.0647121212121212 0.2939383561643836
4 0.35578787878787876 0.7263013698630137 0.09198484848484849 0.2939383561643836
1 0.8449848484848486 0.6549657534246576 0.06346969696969697 0.2654109589041096
1 0.27121212121212124 0.7206164383561643 0.09706060606060607 0.2654109589041096
3 0.8683333333333334 0.6121575342465754 0.04959090909090909 0.21404109589041095
3 0.20493939393939392 0.694931506849315 0.08319696969696969 0.20263698630136986
0 0.8721212121212122 0.4666095890410959 0.04456060606060606 0.1284246575342466
0 0.1556969696969697 0.6107191780821918 0.08321212121212121 0.19407534246575342
2 0.12666666666666665 0.5222602739726028 0.0605 0.10273972602739725