5 0.9539557739557739 0.3185 0.08245700245700247 0.4350769230769231
5 0.8257248157248157 0.36538461538461536 0.17002457002457003 0.44711538461538464
6 0.6460933660933661 0.40865384615384615 0.18852579852579854 0.33653846153846156
4 0.44958230958230955 0.39784615384615385 0.1885995085995086 0.34373076923076923
1 0.2553562653562654 0.42788461538461536 0.18098280098280098 0.3125
3 0.0857002457002457 0.45311538461538464 0.15800982800982802 0.23800000000000002
5 0.8364864864864865 0.7572307692307693 0.07176904176904177 0.28365384615384615
5 0.7551105651105651 0.7584230769230769 0.09636363636363636 0.29084615384615387
6 0.6338329238329239 0.7896538461538462 0.14245700245700246 0.3053076923076923
4 0.4764373464373464 0.8149230769230769 0.16248157248157247 0.28365384615384615
1 0.2975675675675676 0.8209230769230769 0.18864864864864866 0.2572307692307692
3 0.1286977886977887 0.7524230769230769 0.14572481572481574 0.1875