5 0.5876356050069541 0.06436395759717314 0.14065368567454797 0.12367491166077739
5 0.4356606397774687 0.06058303886925795 0.1387204450625869 0.12114840989399292
6 0.7266898470097357 0.08581272084805654 0.10484005563282336 0.1413427561837456
6 0.33534075104311545 0.10348056537102474 0.10895688456189152 0.13628975265017668
4 0.7842976356050069 0.20318021201413428 0.11276773296244784 0.16406360424028268
4 0.2678025034770515 0.20065371024734982 0.12488178025034771 0.1539575971731449
1 0.22806675938803894 0.334434628975265 0.14475660639777468 0.14892226148409896
1 0.8220445062586925 0.348303886925795 0.13261474269819193 0.1413427561837456
3 0.19331015299026427 0.4644169611307421 0.13484005563282336 0.12620141342756186
3 0.8528372739916551 0.49091872791519436 0.13856745479833102 0.14386925795053004
0 0.16151599443671766 0.6196289752650176 0.16663421418636995 0.21959363957597175
0 0.8716968011126565 0.6574911660777385 0.16438108484005562 0.2094876325088339
2 0.13271210013908205 0.8001060070671379 0.16465924895688455 0.1867667844522968
2 0.8866063977746871 0.8430035335689046 0.1623922114047288 0.19181978798586571