5 0.6270301291248207 0.3777112676056338 0.13925394548063127 0.3713028169014085
5 0.47315638450502157 0.3681338028169014 0.13670014347202294 0.3905281690140845
6 0.7476757532281205 0.41133802816901405 0.10203730272596845 0.33609154929577467
6 0.3486083213773314 0.3905281690140845 0.11196556671449068 0.352112676056338
4 0.8370014347202296 0.37933098591549297 0.0799139167862267 0.3489084507042254
4 0.24625538020086082 0.38890845070422536 0.08984218077474893 0.3681338028169014
1 0.8858967001434721 0.3745070422535211 0.04733142037302726 0.29450704225352115
1 0.1627977044476327 0.3345070422535211 0.0742180774748924 0.32330985915492955
3 0.9126255380200862 0.3553169014084507 0.03298421807747489 0.25609154929577466
5 0.6048780487804878 0.6786267605633802 0.08242467718794835 0.30088028169014086
5 0.5161979913916787 0.6802112676056338 0.0902152080344333 0.3489084507042254
6 0.6909469153515064 0.6705985915492957 0.08767575322812052 0.33609154929577467
6 0.42294117647058826 0.6658098591549296 0.09368723098995696 0.3329225352112676
4 0.7685365853658536 0.6690140845070423 0.07074605451936873 0.3713028169014085
4 0.33428981348637016 0.6705985915492957 0.08362984218077475 0.31690140845070425
1 0.8311334289813486 0.6626056338028169 0.05773314203730273 0.30088028169014086
1 0.26060258249641316 0.6370070422535211 0.06925394548063128 0.2625
3 0.8767718794835008 0.5794014084507043 0.029067431850789097 0.14725352112676057
3 0.2051793400286944 0.595387323943662 0.04185078909612626 0.21767605633802817
0 0.15562410329985651 0.5329577464788733 0.05747489239598279 0.16323943661971832