5 0.5935374149659864 0.409967845659164 0.13575510204081634 0.40192926045016075
5 0.4602312925170068 0.43569131832797425 0.13307482993197278 0.35691318327974275
6 0.3425578231292517 0.4212218649517685 0.09639455782312924 0.3408360128617363
6 0.7078231292517007 0.41318327974276525 0.09281632653061224 0.3183279742765273
4 0.7887482993197279 0.3408360128617363 0.07244897959183673 0.3987138263665595
4 0.2527891156462585 0.3553054662379421 0.07738775510204082 0.3504823151125402
1 0.843170068027211 0.3536977491961415 0.05342857142857143 0.31511254019292606
1 0.1861360544217687 0.3520900321543408 0.05564625850340136 0.31189710610932475
3 0.8805714285714286 0.34565916398713825 0.033034013605442177 0.24115755627009647
3 0.14941496598639456 0.3617363344051447 0.031170068027210885 0.21543408360128619
0 0.915265306122449 0.319935691318328 0.05073469387755102 0.24758842443729903
0 0.11063945578231292 0.2990353697749196 0.04887074829931973 0.2572347266881029
2 0.9472244897959184 0.2202572347266881 0.02761904761904762 0.1832797427652733
2 0.078 0.20418006430868169 0.024394557823129253 0.1832797427652733
5 0.5602176870748299 0.752411575562701 0.08323809523809524 0.3022508038585209
5 0.4717959183673469 0.7540192926045016 0.08819047619047618 0.3183279742765273
6 0.6479591836734694 0.7443729903536977 0.09006802721088436 0.3247588424437299
6 0.38201360544217683 0.7379421221864951 0.08821768707482994 0.3183279742765273
4 0.7241360544217688 0.729903536977492 0.08194557823129252 0.33440514469453375
4 0.2990340136054422 0.7138263665594855 0.07736054421768708 0.34726688102893893
1 0.8009931972789116 0.6688102893890675 0.06972789115646258 0.2829581993569132
1 0.22489795918367347 0.6672025723472669 0.07331972789115647 0.2797427652733119
3 0.8329659863945579 0.612540192926045 0.04933333333333333 0.18971061093247588
3 0.18681632653061225 0.6012861736334405 0.062448979591836734 0.2057877813504823
0 0.8860136054421769 0.5643086816720257 0.06840816326530612 0.2282958199356913
0 0.13851700680272108 0.5562700964630225 0.07470748299319728 0.2057877813504823
2 0.931578231292517 0.45016077170418006 0.04801360544217687 0.1414790996784566
2 0.09703401360544217 0.4437299035369775 0.05431292517006803 0.1607717041800643