5 0.5638364779874214 0.3130311614730878 0.15066666666666667 0.42209631728045327
5 0.416062893081761 0.32577903682719545 0.14191194968553458 0.40226628895184136
6 0.6908805031446541 0.32294617563739375 0.10593710691823899 0.3909348441926346
6 0.29155974842767296 0.3101983002832861 0.11178616352201258 0.41076487252124644
4 0.7795345911949686 0.3243626062322946 0.07452830188679245 0.3881019830028329
4 0.19976100628930818 0.3271954674220963 0.07660377358490565 0.38243626062322944
1 0.8443018867924529 0.29603399433427763 0.07329559748427673 0.3371104815864023
1 0.14442767295597483 0.34419263456090654 0.059018867924528304 0.3371104815864023
3 0.9002641509433963 0.28753541076487255 0.049421383647798744 0.2521246458923513
3 0.10481761006289309 0.3413597733711048 0.04016352201257862 0.2747875354107649
0 0.07022641509433962 0.26062322946175637 0.03137106918238994 0.17563739376770537
5 0.5424654088050315 0.7634560906515581 0.09784905660377359 0.34844192634560905
5 0.4506540880503144 0.7705382436260623 0.09033962264150942 0.37393767705382436
6 0.6317610062893082 0.7478753541076487 0.08578616352201258 0.36827195467422097
6 0.36010062893081757 0.7662889518413598 0.09289308176100629 0.38243626062322944
4 0.7028176100628931 0.726628895184136 0.08455345911949685 0.40509915014164305
4 0.2827672955974843 0.7492917847025495 0.08662893081761007 0.3937677053824363
1 0.7719874213836478 0.6813031161473088 0.06446540880503145 0.32011331444759206
1 0.21045283018867925 0.7039660056657224 0.07030188679245283 0.35410764872521244
3 0.8147547169811321 0.6288951841359773 0.05693081761006289 0.3286118980169972
3 0.1670691823899371 0.6643059490084986 0.05145911949685534 0.24079320113314448
0 0.8581383647798743 0.56657223796034 0.07079245283018869 0.24929178470254956
0 0.13059119496855345 0.6161473087818697 0.05147169811320755 0.2237960339943343
2 0.8996352201257862 0.4915014164305949 0.04564779874213836 0.20113314447592068
2 0.09727044025157232 0.5283286118980169 0.05022641509433962 0.18980169971671387