5 0.6016216216216217 0.295982905982906 0.16212530712530712 0.5413105413105413
5 0.4262407862407862 0.314985754985755 0.1853931203931204 0.534985754985755
6 0.7442628992628993 0.2595726495726496 0.12316953316953318 0.5191452991452992
6 0.29455773955773956 0.3956980056980057 0.11856265356265357 0.4051851851851852
4 0.8588943488943489 0.24532763532763532 0.10955773955773956 0.4463532763532763
4 0.17718673218673217 0.3766951566951567 0.12133906633906634 0.5444729344729345
1 0.9325921375921375 0.3117948717948718 0.08775184275184277 0.3766951566951567
1 0.10212530712530712 0.42894586894586895 0.08588452088452088 0.40202279202279206
3 0.0414004914004914 0.42259259259259263 0.07907862407862408 0.345042735042735
3 0.9814127764127765 0.31022792022792023 0.037186732186732185 0.31022792022792023
5 0.5798034398034397 0.66002849002849 0.10808353808353809 0.3766951566951567
5 0.4726658476658477 0.6805982905982906 0.10121621621621622 0.39886039886039887
6 0.691031941031941 0.6410256410256411 0.11222358722358722 0.45267806267806265
6 0.3696191646191646 0.6711111111111111 0.10488943488943489 0.31022792022792023
4 0.8090909090909091 0.6441880341880343 0.1272850122850123 0.5413105413105413
4 0.26385749385749385 0.7423361823361824 0.10386977886977887 0.42735042735042733
1 0.8971130221130221 0.6394301994301994 0.10137592137592137 0.3418803418803419
1 0.17787469287469287 0.7708262108262108 0.08745700245700246 0.36404558404558407
3 0.09054054054054055 0.7280911680911681 0.09288697788697789 0.2595726495726496
3 0.964140049140049 0.584045584045584 0.07171990171990172 0.2374074074074074
0 0.029115479115479116 0.6410256410256411 0.05179361179361179 0.18042735042735042