5 0.6282849239280774 0.20522388059701493 0.11587828492392808 0.2462686567164179
5 0.5121300138312587 0.1791044776119403 0.11038727524204703 0.24378109452736318
6 0.4008022130013831 0.18034825870646767 0.11734439834024897 0.2462686567164179
6 0.6960442600276625 0.29850746268656714 0.10201936376210236 0.19900497512437812
4 0.749972337482711 0.4291044776119403 0.12136929460580913 0.16666666666666666
4 0.30538035961272475 0.2574626865671642 0.12291839557399724 0.27611940298507465
1 0.8184232365145229 0.6032338308457711 0.10889349930843707 0.18159203980099503
1 0.2120331950207469 0.43034825870646765 0.14092669432918395 0.31840796019900497
3 0.8675103734439834 0.7885572139303483 0.14621023513139694 0.21890547263681592
3 0.1456569847856155 0.6579601990049752 0.15753803596127247 0.2860696517412935
0 0.9124619640387276 0.9353233830845771 0.13651452282157678 0.12935323383084577
0 0.1027939142461964 0.8594527363184079 0.17138312586445367 0.2810945273631841