5 0.5769556451612904 0.35835 0.13679435483870966 0.38335
5 0.4311491935483871 0.33165 0.1355040322580645 0.43
6 0.6979233870967743 0.33165 0.09975806451612902 0.31665
6 0.3135685483870968 0.30835 0.09659274193548387 0.35664999999999997
4 0.7906451612903226 0.27665 0.0863508064516129 0.32
4 0.21814516129032258 0.325 0.09393145161290323 0.33
1 0.8464112903225807 0.285 0.050100806451612905 0.25665
1 0.1684274193548387 0.38 0.04826612903225807 0.29335
3 0.8753024193548387 0.29835 0.03800403225806452 0.20335
3 0.14020161290322583 0.38665 0.02945564516129032 0.20665
0 0.9028427419354839 0.29664999999999997 0.04205645161290322 0.2
0 0.10324596774193548 0.38165 0.04157258064516129 0.19
2 0.9364314516129033 0.245 0.03131048387096774 0.17
2 0.07504032258064516 0.35335 0.022762096774193545 0.16665
5 0.5258870967741935 0.73165 0.08574596774193549 0.29664999999999997
5 0.4385282258064516 0.7283499999999999 0.09116935483870968 0.29664999999999997
6 0.6152620967741936 0.725 0.08762096774193548 0.29664999999999997
6 0.3491733870967742 0.75665 0.0844758064516129 0.32665
4 0.703266129032258 0.6816500000000001 0.08836693548387096 0.32335
4 0.2725806451612903 0.7716500000000001 0.07106854838709678 0.37
1 0.7751814516129032 0.6816500000000001 0.060806451612903226 0.29664999999999997
1 0.2047177419354839 0.75165 0.07243951612903225 0.32335
3 0.8067540322580645 0.63835 0.054112903225806454 0.23
3 0.16574596774193548 0.72165 0.06169354838709678 0.27665
0 0.8524596774193548 0.59665 0.06487903225806452 0.16665
0 0.11870967741935484 0.6933499999999999 0.0805241935483871 0.24
2 0.8900806451612904 0.51835 0.06758064516129032 0.23
2 0.0938508064516129 0.58 0.07112903225806452 0.20665