5 0.9524078624078623 0.3209230769230769 0.08552825552825553 0.4255
5 0.8234398034398034 0.369 0.17157248157248156 0.4447307692307692
6 0.6438083538083538 0.41107692307692306 0.1839066339066339 0.3317307692307692
4 0.44420147420147416 0.40384615384615385 0.19626535626535627 0.33653846153846156
1 0.2561179361179361 0.43511538461538457 0.17945945945945949 0.30288461538461536
3 0.08420147420147421 0.4435 0.16132678132678133 0.2476153846153846
5 0.8342014742014742 0.7451923076923077 0.07103194103194103 0.3076923076923077
5 0.7497542997542997 0.7620384615384616 0.0978869778869779 0.30288461538461536
6 0.6292137592137591 0.8028846153846154 0.14552825552825552 0.3125
4 0.4749140049140049 0.8233076923076923 0.16555282555282555 0.2860384615384616
1 0.2975675675675676 0.8197307692307693 0.18557739557739558 0.25
3 0.12562653562653564 0.7511923076923077 0.15493857493857494 0.1803076923076923