5 0.5476485148514851 0.2276010781671159 0.13446782178217823 0.4192991913746631
5 0.4087871287128713 0.24258760107816713 0.13452970297029704 0.41328840970350406
5 0.5242821782178217 0.7457412398921833 0.082240099009901 0.32943396226415095
5 0.4424752475247525 0.7277628032345014 0.0808910891089109 0.2994878706199461
6 0.6631435643564357 0.24107816711590296 0.09592821782178218 0.38633423180592996
6 0.2926237623762376 0.25156334231805927 0.09745049504950494 0.3713746630727763
6 0.35998762376237625 0.7292722371967655 0.08367574257425743 0.32644204851752023
6 0.6067821782178218 0.7397304582210242 0.08495049504950496 0.32943396226415095
4 0.7587004950495049 0.272533692722372 0.09176980198019803 0.4192991913746631
4 0.19774752475247526 0.2785175202156334 0.09198019801980198 0.3833423180592992
4 0.2809282178217822 0.703800539083558 0.07683168316831683 0.3893261455525606
4 0.6865222772277229 0.7442318059299192 0.07667079207920792 0.39234501347708894
1 0.8192079207920792 0.32045822102425875 0.05949257425742574 0.29350404312668466
1 0.14962871287128712 0.3084636118598383 0.06175742574257426 0.28150943396226413
1 0.21149752475247524 0.660377358490566 0.08372524752475248 0.3024797843665768
1 0.7621410891089109 0.7142857142857143 0.07389851485148514 0.32045822102425875
3 0.8700742574257425 0.2994878706199461 0.05675742574257426 0.2695417789757412
3 0.101509900990099 0.2830188679245283 0.056274752475247526 0.24857142857142858
3 0.16063118811881189 0.6169541778975741 0.061745049504950494 0.25156334231805927
3 0.813700495049505 0.6738544474393531 0.06425742574257426 0.28150943396226413
0 0.9133910891089109 0.2905121293800539 0.047153465346534654 0.2036657681940701
0 0.05820544554455446 0.2590566037735849 0.04667079207920792 0.2066576819407008
2 0.951200495049505 0.2665498652291105 0.029294554455445546 0.1317789757412399
0 0.8673143564356435 0.6019676549865229 0.08347772277227723 0.2276010781671159
0 0.11388613861386138 0.5570619946091644 0.06726485148514852 0.20964959568733155
2 0.9120049504950495 0.5196226415094339 0.0655940594059406 0.17070080862533693
2 0.07676980198019802 0.4687061994609164 0.04528465346534654 0.11679245283018867