5 0.5831143232588699 0.3813868613138686 0.13243101182654402 0.4489051094890511
5 0.4491064388961892 0.39963503649635035 0.13511169513797633 0.4197080291970803
6 0.6954402102496715 0.395985401459854 0.08902759526938239 0.354014598540146
6 0.33349540078843626 0.4197080291970803 0.0957293035479632 0.34306569343065696
4 0.782168199737188 0.34124087591240876 0.08180026281208935 0.4124087591240876
4 0.24218134034165573 0.36313868613138683 0.08919842312746386 0.3905109489051095
1 0.8393166885676742 0.38503649635036497 0.03320630749014455 0.3175182481751825
1 0.16663600525624178 0.3686131386861314 0.05901445466491458 0.29927007299270075
3 0.8708541392904074 0.354014598540146 0.03321944809461235 0.26277372262773724
3 0.11802890932982917 0.3375912408759124 0.03538764783180026 0.28832116788321166
0 0.9017214191852826 0.32299270072992703 0.031918528252299606 0.21532846715328466
0 0.08650459921156373 0.3302919708029197 0.02751642575558476 0.22262773722627738
2 0.9404862023653089 0.38686131386861317 0.059526938239159 0.25547445255474455
2 0.05562417871222076 0.2791970802919708 0.03408672798948752 0.17883211678832117
5 0.5627463863337714 0.7518248175182481 0.08908015768725362 0.291970802919708
5 0.4714454664914586 0.7372262773722628 0.09043363994743757 0.24817518248175183
6 0.3827595269382391 0.7208029197080292 0.09177398160315375 0.2518248175182482
6 0.6507752956636005 0.7062043795620438 0.08115637319316689 0.2664233576642336
4 0.2921024967148489 0.677007299270073 0.08655716162943496 0.3613138686131387
4 0.7296057818659658 0.6934306569343066 0.07324572930354796 0.3284671532846715
1 0.7972667542706965 0.6642335766423357 0.058777923784494084 0.22627737226277372
1 0.21328515111695137 0.6532846715328468 0.06818659658344284 0.26277372262773724
3 0.8478580814717477 0.5967153284671532 0.041668856767411305 0.17153284671532848
3 0.16532194480946125 0.6113138686131386 0.05901445466491458 0.19343065693430658
0 0.8846386333771354 0.5492700729927007 0.044283837056504606 0.13503649635036497
0 0.11671484888304862 0.5565693430656934 0.04064388961892247 0.14233576642335766
2 0.08059132720105125 0.49635036496350365 0.04197109067017083 0.16058394160583941