5 0.31776892430278886 0.2688679245283019 0.17775564409030545 0.4811320754716981
5 0.1650863213811421 0.26572327044025157 0.1353253652058433 0.4811320754716981
6 0.4784594953519256 0.2893081761006289 0.14362549800796814 0.4276729559748428
6 0.08209827357237716 0.27358490566037735 0.062324037184594956 0.3836477987421384
4 0.6271713147410358 0.3050314465408805 0.1543027888446215 0.42138364779874216
4 0.035630810092961485 0.25471698113207547 0.04108897742363878 0.4276729559748428
1 0.7592828685258964 0.3522012578616352 0.11851261620185922 0.31446540880503143
3 0.8681540504648074 0.34591194968553457 0.10261620185922975 0.3018867924528302
0 0.958207171314741 0.3663522012578616 0.08358565737051793 0.24842767295597484
5 0.3330544488711819 0.7091194968553459 0.0997476759628154 0.3867924528301887
5 0.24010624169986722 0.7075471698113207 0.09147410358565737 0.37735849056603776
6 0.4485790172642762 0.7185534591194969 0.13166002656042497 0.39937106918238996
6 0.170398406374502 0.7012578616352201 0.06361221779548473 0.3836477987421384
4 0.5813545816733068 0.7484276729559748 0.14233731739707836 0.44025157232704404
4 0.12592297476759629 0.6745283018867925 0.04371845949535193 0.3742138364779874
1 0.7161221779548473 0.7468553459119497 0.12778220451527225 0.3113207547169811
3 0.8349667994687915 0.7091194968553459 0.1105710491367862 0.2672955974842767
0 0.9464940239043825 0.6572327044025157 0.1052988047808765 0.24528301886792453