5 0.5725581395348837 0.9003490136570562 0.1058139534883721 0.1315174506828528
5 0.46472194135490397 0.9155235204855843 0.10923154701718908 0.12644916540212442
6 0.6643882709807887 0.8674810318664643 0.08724974721941356 0.12644916540212442
6 0.3678463094034378 0.9142640364188164 0.08061678463094035 0.12898330804248861
4 0.7233569261880687 0.7789529590288317 0.10745197168857432 0.1466919575113809
4 0.3029726996966633 0.8598937784522003 0.10254802831142569 0.16186646433990895
1 0.762103134479272 0.653763277693475 0.11079878665318503 0.13910470409711684
1 0.2507684529828109 0.7561911987860395 0.11647118301314459 0.17197268588770864
3 0.8000202224469161 0.5361608497723823 0.10910010111223459 0.1466919575113809
3 0.21201213346814965 0.6474506828528073 0.11645096056622851 0.15174506828528073
0 0.8219211324570272 0.3894840667678301 0.1427906976744186 0.212443095599393
0 0.1766329625884732 0.5096054628224582 0.1467644084934277 0.22003034901365706
2 0.12945399393326593 0.3667223065250379 0.1332659251769464 0.2023216995447648