5 0.5880073800738007 0.33302593659942364 0.17462484624846247 0.5315273775216138
5 0.41447724477244774 0.34902017291066284 0.17195571955719557 0.569971181556196
6 0.7308241082410823 0.2657636887608069 0.11373923739237392 0.42907780979827087
6 0.270319803198032 0.3025936599423631 0.12145141451414514 0.406657060518732
4 0.845608856088561 0.2417579250720461 0.11378843788437885 0.44507204610951007
4 0.15964329643296432 0.32659942363112393 0.10236162361623616 0.44829971181556194
1 0.9132349323493235 0.25296829971181556 0.04959409594095941 0.3394236311239193
1 0.068769987699877 0.32659942363112393 0.07916359163591635 0.3074063400576369
3 0.9528659286592865 0.23054755043227665 0.033210332103321034 0.2049279538904899
3 0.02002460024600246 0.3234005763688761 0.04004920049200492 0.21775216138328532
0 0.9795079950799508 0.1953314121037464 0.037318573185731854 0.19853025936599425
5 0.5654735547355474 0.6804322766570605 0.10820418204182042 0.29138328530259366
5 0.4588929889298893 0.6852449567723343 0.10498154981549815 0.3138040345821326
6 0.6789052890528906 0.6372046109510087 0.12191881918819189 0.4162536023054755
6 0.3447847478474785 0.6852449567723343 0.12006150061500614 0.36504322766570607
4 0.7868388683886839 0.6612103746397694 0.10009840098400984 0.4899135446685879
4 0.22522755227552277 0.7204610951008645 0.11600246002460025 0.4162536023054755
1 0.8667773677736778 0.6019884726224783 0.060504305043050426 0.32659942363112393
1 0.13642066420664206 0.6980403458213257 0.0586469864698647 0.28178674351585015
3 0.9050430504305043 0.5443515850144092 0.04685116851168512 0.19853025936599425
3 0.0940590405904059 0.5939769452449568 0.07779827798277983 0.2721613832853026
0 0.9515006150061501 0.4354755043227666 0.04413284132841329 0.21775216138328532
0 0.027539975399754 0.549164265129683 0.055079950799508 0.2273487031700288