5 0.6137372593431483 0.41516198704103674 0.18215175537938846 0.44155507559395246
5 0.4294224235560589 0.41755939524838015 0.18851642129105323 0.46075593952483807
6 0.771030577576444 0.3623758099352052 0.13242355605889017 0.41276457883369333
6 0.27531143827859567 0.34557235421166305 0.12441676104190261 0.43676025917926564
4 0.8930690826727067 0.30838012958963285 0.10983012457531144 0.47276457883369327
4 0.15705549263873161 0.31317494600431967 0.11186862967157418 0.4343628509719223
1 0.9641449603624009 0.29278617710583155 0.06330690826727067 0.3215766738660907
1 0.08723669309173274 0.26758099352051834 0.06534541336353342 0.34317494600431964
3 0.04320498301245753 0.26397408207343415 0.06536806342015855 0.29758099352051837
5 0.6238165345413365 0.7991360691144709 0.1091845979614949 0.2783801295896328
5 0.5149830124575312 0.7907343412526998 0.10041902604756513 0.2711879049676026
6 0.7200679501698755 0.772742980561555 0.10849377123442808 0.29758099352051837
6 0.4118233295583239 0.7751403887688985 0.10800679501698755 0.29278617710583155
4 0.8282559456398642 0.7847300215982721 0.11036240090600227 0.38876889848812096
4 0.3011098527746319 0.7871274298056156 0.11559456398640996 0.3743628509719223
1 0.9094224235560588 0.7355507559395248 0.09976217440543601 0.35276457883369333
1 0.21366930917327293 0.7259395248380129 0.0967497168742922 0.32876889848812096
3 0.9603737259343148 0.6767386609071274 0.0683352208380521 0.26397408207343415
3 0.15202718006795019 0.6839524838012959 0.06910532276330691 0.2831749460043197
0 0.09981879954699886 0.6023542116630669 0.07792751981879954 0.2015766738660907