5 0.61251968503937 0.3619631901840491 0.13749343832020997 0.36809815950920244
5 0.47343832020997373 0.36809815950920244 0.1427952755905512 0.37423312883435583
6 0.7194619422572178 0.3773006134969325 0.07841207349081365 0.3496932515337423
6 0.3553543307086614 0.3941717791411043 0.0956036745406824 0.3098159509202454
4 0.8041076115485565 0.33588957055214724 0.08562992125984252 0.42024539877300615
4 0.25695538057742784 0.3987730061349693 0.10089238845144356 0.3067484662576687
1 0.86249343832021 0.35429447852760737 0.034488188976377954 0.2668711656441718
1 0.17691601049868766 0.36503067484662577 0.0641732283464567 0.2883435582822086
3 0.9018635170603675 0.34049079754601225 0.045 0.25153374233128833
3 0.11721784776902887 0.3282208588957055 0.05501312335958006 0.3067484662576687
0 0.9464698162729659 0.32975460122699385 0.050262467191601046 0.24846625766871167
0 0.061456692913385826 0.2668711656441718 0.058976377952755905 0.2822085889570552
5 0.6263254593175853 0.6947852760736196 0.07900262467191602 0.29754601226993865
5 0.5449606299212598 0.7162576687116564 0.08896325459317586 0.3220858895705521
6 0.45573490813648293 0.7162576687116564 0.094251968503937 0.3159509202453988
6 0.7076771653543307 0.7162576687116564 0.08166666666666667 0.34662576687116564
4 0.7929527559055118 0.7469325153374233 0.08431758530183726 0.39570552147239263
4 0.35338582677165353 0.7254601226993865 0.10741469816272965 0.36503067484662577
1 0.8474015748031496 0.6763803680981595 0.06728346456692914 0.30368098159509205
1 0.2707217847769029 0.6978527607361963 0.10744094488188977 0.29141104294478526
3 0.8913648293963254 0.6273006134969326 0.06335958005249344 0.27300613496932513
3 0.1933202099737533 0.6380368098159509 0.08909448818897638 0.26380368098159507
0 0.9372834645669292 0.5843558282208589 0.06076115485564304 0.24846625766871167
0 0.11196850393700787 0.5828220858895705 0.10750656167979003 0.2392638036809816
2 0.05751968503937008 0.46319018404907975 0.058976377952755905 0.17177914110429449