5 0.5768228571428572 0.3428817204301075 0.15464 0.3799354838709677
5 0.4193942857142857 0.34408602150537637 0.1597714285714286 0.3870967741935484
6 0.7114285714285714 0.318989247311828 0.11203428571428571 0.3273548387096774
6 0.2854514285714286 0.3022795698924731 0.10777142857142857 0.3560430107526882
4 0.8168000000000001 0.27479569892473116 0.09429714285714286 0.39664516129032257
4 0.1832457142857143 0.2903225806451613 0.09383999999999999 0.3560430107526882
1 0.8764685714285714 0.2819569892473119 0.06131428571428571 0.3010752688172043
1 0.12612571428571429 0.2700215053763441 0.05069714285714286 0.2963010752688172
3 0.92344 0.27359139784946235 0.053714285714285714 0.2700215053763441
3 0.08994285714285714 0.27359139784946235 0.054514285714285717 0.2652258064516129
0 0.9564571428571428 0.25806451612903225 0.04610285714285715 0.21982795698924731
0 0.051211428571428574 0.2712043010752688 0.05326857142857143 0.22221505376344086
5 0.5520685714285715 0.8410967741935484 0.09497142857142857 0.2293978494623656
5 0.46193142857142855 0.8339354838709677 0.09246857142857143 0.21982795698924731
6 0.6326857142857143 0.8112258064516129 0.08859428571428571 0.23655913978494625
6 0.3762285714285714 0.8231827956989247 0.08869714285714286 0.23655913978494625
4 0.7241028571428572 0.8255698924731183 0.09109714285714285 0.3178064516129032
4 0.2860914285714286 0.8207956989247313 0.09126857142857142 0.308236559139785
1 0.7990057142857143 0.7682150537634409 0.08091428571428572 0.2700215053763441
1 0.21626285714285712 0.7538924731182796 0.07097142857142857 0.2604516129032258
3 0.84408 0.7144516129032259 0.06693714285714286 0.2246021505376344
3 0.1642057142857143 0.7060860215053764 0.05576 0.23655913978494625
0 0.8986742857142858 0.6356129032258064 0.07961142857142857 0.2293978494623656
0 0.12104 0.6415698924731182 0.07100571428571428 0.21266666666666667
2 0.9431200000000001 0.5149247311827957 0.05498285714285714 0.20789247311827957
2 0.07723428571428571 0.5149247311827957 0.07229714285714285 0.22221505376344086