5 0.5733973710819009 0.8978300455235204 0.1075025278058645 0.1466919575113809
5 0.4638827098078867 0.9130045523520485 0.10754297269969666 0.1315174506828528
6 0.3653185035389282 0.9117298937784523 0.08904954499494439 0.12393019726858877
6 0.6652275025278058 0.8598937784522003 0.08556117290192114 0.12644916540212442
4 0.30044489383215367 0.8611532625189682 0.1042366026289181 0.14921092564491653
4 0.7216683518705763 0.7814871016691958 0.1108190091001011 0.15174506828528073
1 0.2507381193124368 0.7574658573596358 0.1194236602628918 0.169453717754173
1 0.7587360970677451 0.6525037936267072 0.11417593528816987 0.1416236722306525
3 0.20693629929221435 0.6436570561456753 0.11268958543983823 0.15427921092564492
3 0.7991708796764408 0.5386949924127465 0.1141557128412538 0.15174506828528073
0 0.1732355915065723 0.4982245827010622 0.14641051567239638 0.2023216995447648
0 0.8219211324570272 0.3882094081942337 0.13605662285136502 0.20990895295902884
2 0.12774519716885743 0.3629286798179059 0.1295753286147624 0.20485584218512898