5 0.5532387096774194 0.09685135135135135 0.1372 0.13963513513513515
5 0.41670967741935483 0.09909459459459459 0.1350967741935484 0.14864864864864866
6 0.6725806451612903 0.12274324324324325 0.10060645161290323 0.13739189189189188
6 0.2963096774193548 0.13287837837837838 0.0964516129032258 0.13063513513513514
4 0.7543096774193548 0.21621621621621623 0.14024516129032258 0.13513513513513514
4 0.22427096774193547 0.22635135135135134 0.1287225806451613 0.1463918918918919
1 0.18449032258064516 0.3547297297297297 0.1738967741935484 0.13739189189189188
1 0.785483870967742 0.34571621621621623 0.16820645161290323 0.13739189189189188
3 0.16083870967741937 0.4797297297297297 0.1738967741935484 0.13513513513513514
3 0.8209677419354838 0.477472972972973 0.17896774193548384 0.13063513513513514
0 0.13073548387096773 0.6328783783783783 0.19110967741935486 0.19820270270270268
0 0.85 0.6340135135135135 0.20263225806451612 0.20044594594594597
2 0.10494193548387097 0.7927972972972972 0.17821935483870968 0.15766216216216217
2 0.8789806451612904 0.7927972972972972 0.18652903225806453 0.18468918918918917