5 0.5809426229508197 0.5358361774744027 0.13631147540983607 0.4641638225255973
5 0.4436748633879781 0.5273037542662116 0.1322677595628415 0.4334470989761092
6 0.6970628415300546 0.5409556313993175 0.09592896174863388 0.4061433447098976
6 0.3262158469945355 0.5085324232081911 0.09678961748633878 0.37542662116040953
4 0.7776502732240437 0.5017064846416383 0.06864754098360656 0.4778156996587031
4 0.24153005464480876 0.4761092150170648 0.07770491803278688 0.3993174061433447
1 0.8384289617486339 0.5068259385665529 0.04818306010928962 0.3583617747440273
1 0.17460382513661202 0.46757679180887374 0.05587431693989071 0.33447098976109213
3 0.8746174863387979 0.4761092150170648 0.038633879781420764 0.2696245733788396
3 0.12065573770491803 0.4522184300341297 0.04907103825136612 0.2832764505119454
0 0.9060382513661203 0.44368600682593856 0.030450819672131146 0.16382252559726962
0 0.07352459016393442 0.40273037542662116 0.04225409836065574 0.21160409556313994
2 0.9367622950819673 0.40955631399317405 0.03181693989071038 0.15699658703071673
2 0.035969945355191255 0.35665529010238906 0.032704918032786884 0.16723549488054607
5 0.5345218579234973 0.841296928327645 0.08766393442622951 0.310580204778157
5 0.4464071038251366 0.8310580204778157 0.09128415300546447 0.3037542662116041
6 0.6260245901639344 0.8378839590443686 0.08711748633879782 0.3037542662116041
6 0.36718579234972676 0.7935153583617748 0.0694672131147541 0.2696245733788396
4 0.7045765027322405 0.856655290102389 0.06724043715846995 0.28668941979522183
4 0.29342896174863387 0.7764505119453925 0.07769125683060109 0.24914675767918087
1 0.7749180327868853 0.8327645051194539 0.07683060109289618 0.2935153583617747
1 0.2155737704918033 0.7372013651877133 0.07771857923497268 0.26621160409556316
3 0.8384289617486339 0.7627986348122867 0.04818306010928962 0.18771331058020477
3 0.1506967213114754 0.6791808873720137 0.054521857923497265 0.19112627986348124
0 0.8800819672131148 0.6706484641638225 0.052295081967213115 0.12627986348122866
0 0.10153005464480873 0.6348122866894198 0.054535519125683066 0.15017064846416384
2 0.9115027322404372 0.5716723549488054 0.041379781420765024 0.10580204778156997
2 0.06192622950819672 0.5426621160409556 0.05181693989071038 0.13651877133105803