5 0.5524406332453826 0.4125 0.11713720316622692 0.25833333333333336
5 0.43241424802110817 0.40555555555555556 0.12245382585751978 0.25
6 0.6467678100263852 0.3819444444444444 0.07151715039577837 0.2361111111111111
6 0.34009234828496043 0.3763888888888889 0.0591820580474934 0.23055555555555557
4 0.7120580474934037 0.39861111111111114 0.06230870712401055 0.25277777777777777
4 0.28469656992084436 0.40555555555555556 0.05655672823218997 0.2722222222222222
1 0.762849604221636 0.4027777777777778 0.042546174142480214 0.20555555555555555
1 0.24050131926121374 0.41805555555555557 0.034155672823219 0.21944444444444444
3 0.7997757255936676 0.4 0.03464379947229552 0.15555555555555556
3 0.20885224274406333 0.4 0.031530343007915566 0.16111111111111112
0 0.8320844327176782 0.35833333333333334 0.0333377308707124 0.1388888888888889
0 0.17982849604221637 0.35833333333333334 0.026266490765171503 0.14444444444444443
2 0.8624274406332454 0.3138888888888889 0.02807387862796834 0.1388888888888889
2 0.15411609498680737 0.30416666666666664 0.02232189973614776 0.125
5 0.5161741424802111 0.6319444444444444 0.0683509234828496 0.19722222222222222
5 0.44956464379947225 0.6347222222222222 0.06441952506596306 0.20277777777777778
6 0.5893931398416886 0.6319444444444444 0.07281002638522427 0.18611111111111112
6 0.38955145118733503 0.6402777777777777 0.05255936675461742 0.19166666666666668
4 0.6606068601583114 0.6375 0.06960422163588391 0.24722222222222223
4 0.3262401055408971 0.6513888888888889 0.06841688654353562 0.23055555555555557
1 0.7272295514511874 0.6166666666666667 0.06362796833773086 0.22777777777777777
1 0.26556728232189974 0.6583333333333333 0.06316622691292877 0.24444444444444444
3 0.7740501319261214 0.5916666666666667 0.04914248021108179 0.17777777777777778
3 0.22796833773087072 0.6069444444444444 0.048667546174142484 0.18055555555555555
0 0.8136279683377309 0.5486111111111112 0.049155672823219 0.1638888888888889
0 0.1982981530343008 0.5416666666666666 0.05527704485488127 0.17222222222222222
2 0.843957783641161 0.4513888888888889 0.03597625329815304 0.11944444444444445
2 0.1666358839050132 0.4625 0.04209762532981531 0.11944444444444445