5 0.5526134800550206 0.3326923076923077 0.11938101788170564 0.4423076923076923
5 0.4343466299862448 0.3230769230769231 0.12217331499312241 0.4307692307692308
6 0.6605914718019257 0.26153846153846155 0.09107290233837688 0.34615384615384615
6 0.3305226960110041 0.29423076923076924 0.08507565337001376 0.3269230769230769
4 0.7355433287482807 0.2230769230769231 0.0622283356258597 0.36923076923076925
4 0.259009628610729 0.22692307692307692 0.06310866574965612 0.36923076923076925
1 0.7884869325997249 0.19038461538461537 0.047111416781292985 0.3192307692307692
1 0.20744154057771666 0.2076923076923077 0.039738651994497935 0.2923076923076923
3 0.818748280605227 0.19423076923076923 0.02786795048143054 0.25769230769230766
3 0.1771801925722146 0.2076923076923077 0.02874828060522696 0.26153846153846155
0 0.8545116918844567 0.1519230769230769 0.047138927097661626 0.2423076923076923
0 0.13524071526822556 0.18461538461538463 0.05764786795048143 0.25384615384615383
2 0.89232462173315 0.08269230769230769 0.029270976616231088 0.15
2 0.0864099037138927 0.12692307692307692 0.03979367262723521 0.2076923076923077
5 0.5464374140302614 0.7269230769230769 0.07125171939477304 0.3153846153846154
5 0.47286107290233836 0.7269230769230769 0.07815680880330124 0.3153846153846154
6 0.6275928473177441 0.7153846153846154 0.08280605226960111 0.3076923076923077
6 0.389656121045392 0.7173076923076923 0.07955983493810179 0.31153846153846154
4 0.7052819807427786 0.7076923076923077 0.07255845942228335 0.3769230769230769
4 0.31264099037138926 0.6961538461538461 0.07133425034387895 0.3769230769230769
1 0.7623521320495186 0.676923076923077 0.06841815680880331 0.3076923076923077
1 0.25694635488308115 0.6730769230769231 0.06448418156808804 0.2692307692307692
3 0.8008665749656121 0.625 0.044374140302613475 0.21153846153846154
3 0.2156808803301238 0.6269230769230769 0.053493810178817054 0.24615384615384617
0 0.8428198074277854 0.5480769230769231 0.062255845942228334 0.2423076923076923
0 0.16067400275103164 0.5788461538461539 0.07826685006877579 0.25
2 0.8778817056396149 0.38269230769230766 0.05265474552957359 0.23461538461538461
2 0.11254470426409903 0.43846153846153846 0.061788170563961485 0.24615384615384617