5 0.5504072398190045 0.37628865979381443 0.1665497737556561 0.3917525773195876
5 0.38288461538461543 0.3634020618556701 0.17368778280542985 0.41237113402061853
6 0.6918099547511312 0.3634020618556701 0.10777149321266968 0.35051546391752575
6 0.24221719457013574 0.35309278350515466 0.10728506787330318 0.3556701030927835
4 0.7950226244343891 0.34536082474226804 0.09933257918552037 0.3247422680412371
4 0.1453733031674208 0.3427835051546392 0.08329185520361991 0.3402061855670103
1 0.870656108597285 0.31573195876288657 0.052703619909502265 0.2757731958762887
1 0.0867081447963801 0.2925360824742268 0.03666289592760181 0.2345360824742268
3 0.9201357466063348 0.2912371134020619 0.0442420814479638 0.211340206185567
3 0.043585972850678736 0.2616082474226804 0.04940045248868778 0.18814432989690721
0 0.9639592760180995 0.22294845360824742 0.0470814479638009 0.17268041237113402
5 0.4960067873303168 0.7049072164948453 0.10910633484162896 0.2757731958762887
6 0.39066742081447964 0.7242268041237113 0.10157239819004525 0.29381443298969073
6 0.6034389140271493 0.7010309278350515 0.10290723981900453 0.27835051546391754
4 0.7038122171945701 0.6997525773195876 0.08590497737556561 0.2809278350515464
4 0.2909954751131222 0.7268041237113402 0.09171945701357466 0.30412371134020616
1 0.7992647058823529 0.7139175257731959 0.10498868778280543 0.23711340206185566
1 0.2061651583710407 0.7049072164948453 0.08892533936651584 0.23969072164948454
3 0.876289592760181 0.6275876288659794 0.08584841628959276 0.2190721649484536
3 0.14114253393665158 0.6559381443298969 0.08329185520361991 0.2036082474226804
0 0.9392194570135747 0.5231958762886598 0.1050339366515837 0.23195876288659795
0 0.07751131221719457 0.5528453608247422 0.0861425339366516 0.2345360824742268
2 0.043585972850678736 0.4523298969072165 0.07201357466063348 0.17783505154639176
2 0.9717194570135747 0.3943298969072165 0.050463800904977374 0.15979381443298968