5 0.568976279650437 0.3951612903225806 0.12581772784019976 0.4838709677419355
5 0.43916354556803994 0.4092741935483871 0.13335830212234706 0.5040322580645161
6 0.6788389513108615 0.39314516129032256 0.09390761548064919 0.45564516129032256
6 0.3205867665418227 0.3971774193548387 0.09845193508114856 0.4314516129032258
4 0.7605992509363296 0.39919354838709675 0.07272159800249688 0.46774193548387094
4 0.2332084893882647 0.40524193548387094 0.07601747815230961 0.4475806451612903
1 0.8061548064918852 0.4213709677419355 0.034044943820224716 0.3346774193548387
1 0.17579275905118602 0.43548387096774194 0.04358302122347066 0.3387096774193548
3 0.8361048689138577 0.3649193548387097 0.024069912609238454 0.32661290322580644
3 0.1346067415730337 0.4153225806451613 0.04109862671660425 0.31451612903225806
0 0.8604494382022472 0.3588709677419355 0.027815230961298378 0.22580645161290322
0 0.0878027465667915 0.3850806451612903 0.04736579275905118 0.2620967741935484
2 0.8860299625468165 0.2842741935483871 0.029076154806491884 0.1975806451612903
2 0.043483146067415726 0.3326612903225806 0.04113607990012485 0.18951612903225806
5 0.5377777777777778 0.7620967741935484 0.07636704119850188 0.31451612903225806
5 0.4597627965043695 0.7580645161290323 0.07717852684144819 0.31451612903225806
6 0.6145568039950062 0.7318548387096774 0.07515605493133583 0.3024193548387097
6 0.3804993757802746 0.7479838709677419 0.08094881398252185 0.32661290322580644
4 0.6850811485642946 0.7338709677419355 0.07143570536828964 0.3548387096774194
4 0.30061173533083646 0.7379032258064516 0.08098626716604246 0.3548387096774194
1 0.7506117353308365 0.6975806451612904 0.05774032459425718 0.22580645161290322
1 0.22760299625468164 0.7237903225806451 0.06228464419475656 0.2701612903225806
3 0.7930461922596754 0.6612903225806451 0.035280898876404496 0.1774193548387097
3 0.17392009987515605 0.6875 0.044831460674157296 0.2056451612903226
0 0.8298626716604245 0.6048387096774194 0.03903870162297129 0.1693548387096774
0 0.12212234706616729 0.6209677419354839 0.05857677902621723 0.18548387096774194