5 0.5697842835130971 0.30714743589743587 0.17049306625577812 0.44336538461538466
5 0.3977503852080123 0.3151602564102564 0.17055469953775038 0.4540705128205128
6 0.7225885978428351 0.29512820512820515 0.12996918335901386 0.4033012820512821
6 0.2629583975346687 0.30448717948717946 0.09870570107858244 0.3632371794871795
4 0.8259167950693375 0.25375000000000003 0.0825115562403698 0.4380448717948718
4 0.18016949152542375 0.25240384615384615 0.06664098613251156 0.44605769230769227
1 0.880477657935285 0.2991346153846154 0.047873651771956856 0.28310897435897436
1 0.13942989214175655 0.33253205128205127 0.027442218798151 0.2483974358974359
0 0.9427426810477658 0.26708333333333334 0.07998459167950693 0.2510576923076923
0 0.07810477657935284 0.2978205128205128 0.05770416024653313 0.23772435897435898
5 0.5421879815100153 0.7411858974358975 0.11785824345146378 0.4140064102564102
5 0.42536209553158705 0.754551282051282 0.11533127889060092 0.42467948717948717
6 0.6513251155624037 0.699775641025641 0.09785824345146378 0.3525641025641026
6 0.32009244992295843 0.6904487179487179 0.0948382126348228 0.328525641025641
4 0.7469491525423728 0.6931089743589743 0.10366718027734977 0.387275641025641
4 0.23280431432973805 0.6904487179487179 0.11796610169491525 0.3819551282051282
1 0.8342681047765794 0.6650641025641025 0.12231124807395993 0.2617628205128205
1 0.17181818181818181 0.6664102564102564 0.10130970724191063 0.2430448717948718
3 0.9209244992295839 0.6436858974358974 0.11848998459167952 0.2510576923076923
3 0.11020030816640985 0.6530448717948718 0.09106317411402158 0.1896474358974359
0 0.9594144838212635 0.5128205128205128 0.07919876733436056 0.1762820512820513
0 0.07167950693374422 0.5702564102564102 0.09878274268104777 0.20032051282051283
3 0.11260400616332819 0.33160256410256406 0.026070878274268107 0.23423076923076921