0 0.07091133004926108 0.5047492625368732 0.07516009852216748 0.24908554572271385
5 0.5798399014778325 0.4080530973451328 0.15432266009852216 0.49492625368731563
5 0.42455665024630546 0.4031563421828908 0.15848522167487686 0.5112979351032448
6 0.7077832512315271 0.3654572271386431 0.10429802955665024 0.45557522123893807
6 0.29185960591133003 0.4080530973451328 0.10928571428571428 0.42938053097345136
4 0.8083374384236454 0.3375811209439528 0.09476600985221675 0.4392035398230088
4 0.19267241379310343 0.3507079646017699 0.09152709359605911 0.4195280235988201
1 0.8767364532019704 0.34415929203539825 0.05921182266009852 0.3146607669616519
1 0.1229064039408867 0.3326843657817109 0.045036945812807885 0.3310324483775811
3 0.9341995073891626 0.2851622418879056 0.05650246305418719 0.3015339233038348
3 0.09075123152709359 0.2884365781710915 0.03274630541871921 0.2556637168141593
0 0.9724999999999999 0.21958702064896754 0.023682266009852217 0.20976401179941004
0 0.057918719211822664 0.22123893805309736 0.032758620689655175 0.21303834808259586
5 0.4991256157635468 0.7718879056047198 0.10509852216748769 0.26548672566371684
6 0.3876477832512315 0.7554867256637169 0.1151231527093596 0.3113864306784661
6 0.6051724137931034 0.7341887905604719 0.10424876847290641 0.3015339233038348
4 0.7098399014778325 0.7472861356932153 0.10566502463054187 0.35398230088495575
4 0.2747660098522168 0.77023598820059 0.11096059113300492 0.37365781710914453
1 0.802179802955665 0.6489675516224189 0.07423645320197045 0.2949852507374631
1 0.19472906403940887 0.6555162241887905 0.08767241379310345 0.3080825958702065
3 0.8651108374384237 0.6014454277286135 0.05236453201970444 0.19339233038348083
3 0.12701970443349753 0.609646017699115 0.05619458128078818 0.20976401179941004
0 0.9129926108374384 0.5178761061946903 0.044174876847290635 0.1704424778761062