5 0.5525339366515837 0.37243298969072164 0.16796380090497737 0.39948453608247425
5 0.38288461538461543 0.3711340206185567 0.17368778280542985 0.4175257731958763
5 0.5023529411764706 0.7152164948453608 0.10436651583710407 0.2757731958762887
6 0.39632352941176474 0.7203711340206186 0.11005656108597285 0.2809278350515464
6 0.6076809954751132 0.7087628865979382 0.10007918552036199 0.27835051546391754
6 0.6932126696832579 0.36855670103092786 0.10711538461538461 0.34536082474226804
6 0.24363122171945703 0.3556701030927835 0.10445701357466064 0.35051546391752575
4 0.29523755656108597 0.729381443298969 0.0945475113122172 0.30412371134020616
4 0.7030995475113122 0.6997525773195876 0.08731900452488688 0.2963917525773196
4 0.7978280542986425 0.35051546391752575 0.10142533936651583 0.32989690721649484
4 0.14891402714932125 0.3427835051546392 0.08470588235294117 0.32989690721649484
1 0.204762443438914 0.7074845360824742 0.0860972850678733 0.2551546391752577
1 0.8027714932126696 0.7126391752577319 0.10566742081447963 0.22938144329896906
3 0.14114253393665158 0.6559381443298969 0.07763574660633484 0.2190721649484536
3 0.8798303167420815 0.6275876288659794 0.08442307692307692 0.21391752577319587
1 0.8741855203619909 0.30927835051546393 0.048461538461538466 0.28350515463917525
1 0.0867081447963801 0.29381443298969073 0.03383484162895928 0.2268041237113402
3 0.045 0.2667628865979381 0.05222850678733032 0.18814432989690721
3 0.9201244343891403 0.29381443298969073 0.0442420814479638 0.20103092783505155
0 0.966787330316742 0.2190721649484536 0.04425339366515837 0.19072164948453607
0 0.08035067873303167 0.5554226804123711 0.08331447963800906 0.22422680412371135
0 0.9399095022624434 0.519340206185567 0.10278280542986425 0.22938144329896906
2 0.040056561085972844 0.4497525773195876 0.05929864253393665 0.15721649484536082
2 0.9697171945701357 0.39562886597938146 0.05209276018099547 0.15721649484536082