5 0.5669491525423729 0.3103205128205128 0.1775808936825886 0.45746794871794866
5 0.3953929121725732 0.3132371794871795 0.16784283513097073 0.45746794871794866
5 0.5431587057010786 0.7430128205128205 0.1159784283513097 0.3962820512820513
5 0.4220030816640986 0.7561217948717949 0.11462249614791988 0.4225
6 0.26095531587057014 0.3088461538461538 0.09787365177195687 0.36131410256410257
6 0.316979969183359 0.7036858974358975 0.09224961479198766 0.32342948717948716
6 0.6509861325115562 0.697852564102564 0.09631741140215716 0.3350961538461538
6 0.7196147919876733 0.2942948717948718 0.12710323574730353 0.40791666666666665
4 0.8246533127889061 0.25349358974358976 0.07665639445300462 0.43125
4 0.17622496147919878 0.2505769230769231 0.06848998459167951 0.4370512820512821
4 0.23224961479198766 0.6934615384615385 0.11047765793528506 0.36714743589743587
4 0.7497226502311248 0.7109615384615384 0.10049306625577811 0.3962820512820513
1 0.8827889060092449 0.29721153846153847 0.0424191063174114 0.27971153846153846
1 0.13701078582434514 0.32634615384615384 0.026502311248073958 0.22727564102564102
3 0.11180277349768876 0.32342948717948716 0.023697996918335903 0.23894230769230768
1 0.834453004622496 0.6716346153846154 0.10745762711864407 0.2709935897435897
1 0.16362095531587056 0.6745192307692307 0.08810477657935285 0.22435897435897437
0 0.9443913713405239 0.2753525641025641 0.0752080123266564 0.24182692307692308
0 0.07049306625577811 0.30448717948717946 0.0559322033898305 0.22435897435897437
3 0.9142835130970725 0.6395833333333334 0.12143297380585516 0.2476602564102564
3 0.10759630200308166 0.6599679487179487 0.09372881355932203 0.18939102564102564
0 0.07328197226502312 0.5769230769230769 0.09514637904468413 0.21560897435897436
0 0.9563020030816641 0.5346794871794872 0.08500770416024654 0.1660897435897436