5 0.5526134800550206 0.3346153846153846 0.11662998624484182 0.4307692307692308
5 0.4329711141678129 0.33076923076923076 0.12492434662998624 0.4307692307692308
5 0.5443741403026134 0.7403846153846154 0.06987620357634113 0.3192307692307692
5 0.46804676753782665 0.7326923076923076 0.0740302613480055 0.3192307692307692
6 0.3291471801925722 0.3057692307692308 0.08233837689133425 0.3269230769230769
6 0.3848418156808803 0.7269230769230769 0.08368638239339753 0.3153846153846154
6 0.6571389270976616 0.27307692307692305 0.09182943603851446 0.33076923076923076
6 0.624828060522696 0.7269230769230769 0.07397524071526823 0.3
4 0.7327922971114168 0.22692307692307692 0.0622283356258597 0.36923076923076925
4 0.2562585969738652 0.23076923076923078 0.060357634112792304 0.36923076923076925
4 0.3057634112792297 0.7134615384615385 0.07133425034387895 0.39615384615384613
4 0.7011554332874829 0.7038461538461539 0.07530949105914718 0.3769230769230769
1 0.7884869325997249 0.20192307692307693 0.047111416781292985 0.31153846153846154
1 0.20537826685006877 0.21923076923076923 0.041127922971114166 0.3
1 0.7657909215955984 0.6865384615384615 0.0560385144429161 0.3038461538461538
1 0.2548830811554333 0.6942307692307692 0.06310866574965612 0.28846153846153844
3 0.8208115543328749 0.20192307692307693 0.021004126547455294 0.2423076923076923
3 0.17305364511691884 0.21153846153846154 0.026011004126547454 0.26153846153846155
3 0.21156808803301239 0.6346153846153846 0.053493810178817054 0.23076923076923078
3 0.8001650618982119 0.6346153846153846 0.042269601100412654 0.2076923076923077
0 0.8544979367262724 0.15 0.04988995873452545 0.2230769230769231
0 0.13042640990371387 0.17307692307692307 0.056272352132049515 0.26153846153846155
0 0.8366162310866575 0.5615384615384615 0.06839064649243466 0.24615384615384617
0 0.16067400275103164 0.5826923076923077 0.08101788170563962 0.25769230769230766
2 0.890261348005502 0.08269230769230769 0.022407152682255845 0.1423076923076923
2 0.08365887207702889 0.12884615384615383 0.03704264099037139 0.19615384615384615
2 0.11048143053645117 0.43653846153846154 0.05766162310866575 0.22692307692307692
2 0.8751169188445668 0.38461538461538464 0.054621733149931226 0.2230769230769231