5 0.582308743169399 0.5358361774744027 0.13631147540983607 0.4709897610921502
5 0.44572404371584695 0.5341296928327645 0.13636612021857922 0.447098976109215
5 0.5392896174863387 0.8822525597269625 0.08579234972677595 0.2354948805460751
5 0.4484562841530054 0.8686006825938567 0.0926502732240437 0.22866894197952217
6 0.3296311475409836 0.5221843003412969 0.09542349726775956 0.37542662116040953
6 0.6970491803278689 0.5443686006825939 0.0898224043715847 0.4061433447098976
6 0.3651366120218579 0.8327645051194539 0.0735655737704918 0.23890784982935154
6 0.6267076502732241 0.8720136518771331 0.08848360655737704 0.24914675767918087
4 0.7776502732240437 0.4931740614334471 0.0741120218579235 0.5085324232081911
4 0.24016393442622952 0.48464163822525597 0.07770491803278688 0.40273037542662116
4 0.2859153005464481 0.8003412969283277 0.07905737704918032 0.22866894197952217
4 0.7072950819672131 0.8737201365187713 0.06659836065573771 0.2525597269624573
1 0.8391120218579236 0.5017064846416383 0.05228142076502733 0.3890784982935154
1 0.1780191256830601 0.45563139931740615 0.06543715846994536 0.3651877133105802
1 0.22172131147540985 0.7542662116040956 0.08454918032786886 0.21843003412969283
1 0.7762704918032787 0.8617747440273038 0.06793715846994534 0.22866894197952217
3 0.8807650273224044 0.4726962457337884 0.029071038251366123 0.2627986348122867
3 0.12202185792349726 0.45563139931740615 0.046338797814207654 0.2696245733788396
3 0.1541120218579235 0.6979522184300341 0.050423497267759555 0.1945392491467577
3 0.8370491803278689 0.7832764505119454 0.04743169398907104 0.16040955631399317
0 0.9101229508196722 0.45733788395904434 0.027718579234972677 0.15017064846416384
0 0.07627049180327869 0.4197952218430034 0.044986338797814204 0.21843003412969283
2 0.9347131147540985 0.4180887372013652 0.03866120218579235 0.17406143344709898
2 0.03870218579234973 0.3720136518771331 0.032704918032786884 0.14334470989761092
0 0.10289617486338797 0.658703071672355 0.05180327868852459 0.14334470989761092
0 0.8841666666666668 0.6774744027303754 0.046051912568306014 0.14675767918088736
2 0.06192622950819672 0.5460750853242321 0.0490983606557377 0.13651877133105803
2 0.9142213114754099 0.5819112627986348 0.035109289617486335 0.09897610921501707