5 0.5503483870967741 0.10135135135135136 0.1388516129032258 0.15405405405405406
5 0.4136 0.1 0.13374193548387098 0.14054054054054055
6 0.2962064516129032 0.13648648648648648 0.10024516129032257 0.12702702702702703
6 0.6716258064516129 0.12297297297297298 0.10267096774193547 0.13243243243243244
4 0.2213806451612903 0.22567567567567567 0.12606451612903227 0.14324324324324325
4 0.7477290322580645 0.21891891891891893 0.13618064516129033 0.14594594594594595
1 0.18654193548387096 0.3608108108108108 0.1699483870967742 0.12702702702702703
1 0.7838451612903226 0.3527027027027027 0.16713548387096774 0.13243243243243244
3 0.15816774193548386 0.4837837837837838 0.1648 0.12432432432432433
3 0.8122322580645162 0.48243243243243245 0.17229677419354839 0.12702702702702703
0 0.13107096774193547 0.6405405405405405 0.1983483870967742 0.1891891891891892
0 0.8457677419354839 0.6310810810810811 0.1877548387096774 0.20270270270270271
2 0.10268387096774194 0.7959459459459459 0.17771612903225806 0.15945945945945947
2 0.8831870967741936 0.7972972972972973 0.18 0.1783783783783784