5 0.5426609442060085 0.4328327645051194 0.10638054363376252 0.29474402730375426
5 0.42954220314735336 0.4281569965870307 0.11682403433476395 0.2978498293515358
6 0.6356366237482117 0.40334470989761095 0.08163090128755365 0.27924914675767915
6 0.3294134477825465 0.40802047781569967 0.08044349070100143 0.28235494880546075
4 0.7071673819742489 0.38627986348122867 0.05882689556509298 0.3009556313993174
4 0.2578969957081545 0.3924914675767918 0.06487839771101574 0.31337883959044366
1 0.765035765379113 0.3537201365187713 0.052346208869814025 0.26061433447098975
1 0.1993848354792561 0.38317406143344707 0.05449213161659514 0.24511945392491466
3 0.8111874105865522 0.3025255972696246 0.03805436337625179 0.2078839590443686
3 0.15453505007153076 0.3195904436860068 0.035007153075822604 0.20477815699658702
0 0.8430472103004292 0.2637201365187713 0.028969957081545063 0.13030716723549488
0 0.1161659513590844 0.26061433447098975 0.03632331902718169 0.17375426621160409
5 0.48286123032904144 0.7120819112627986 0.07258941344778255 0.24511945392491466
5 0.40483547925608016 0.7058703071672354 0.07782546494992847 0.25133105802047784
6 0.5491845493562232 0.70740614334471 0.0730615164520744 0.2544368600682594
6 0.33071530758226036 0.6996587030716723 0.06743919885550786 0.2575085324232082
4 0.6252503576537911 0.6965529010238908 0.0795994277539342 0.29474402730375426
4 0.2578969957081545 0.698122866894198 0.08047210300429185 0.2916382252559727
1 0.6902718168812589 0.6546757679180887 0.07181688125894135 0.24201365187713308
1 0.19547925608011443 0.6376109215017065 0.07010014306151645 0.23269624573378841
3 0.7598283261802575 0.6065870307167235 0.06535050071530758 0.23269624573378841
3 0.15127324749642346 0.5600341296928327 0.059713876967095854 0.22030716723549487
0 0.8163948497854077 0.4948805460750853 0.07967095851216023 0.24511945392491466
0 0.10185979971387697 0.43747440273037547 0.06752503576537912 0.24201365187713308