5 0.5177272727272727 0.15441176470588236 0.09064171122994652 0.1715686274509804
5 0.4234893048128342 0.12745098039215685 0.09469251336898396 0.18627450980392157
6 0.6146390374331551 0.17769607843137256 0.10263368983957219 0.18872549019607843
6 0.3640106951871657 0.20833333333333334 0.09338235294117646 0.19607843137254902
4 0.6948529411764706 0.2757352941176471 0.11660427807486631 0.20833333333333334
4 0.27645721925133687 0.27205882352941174 0.10009358288770054 0.23039215686274508
1 0.7683689839572193 0.4522058823529412 0.13 0.22794117647058823
1 0.22098930481283424 0.42401960784313725 0.14155080213903742 0.23529411764705882
3 0.8178342245989305 0.6580882352941176 0.16477272727272727 0.25245098039215685
3 0.15683155080213904 0.625 0.1549331550802139 0.23529411764705882
0 0.13009358288770054 0.875 0.19772727272727272 0.25
0 0.86524064171123 0.8676470588235294 0.19744652406417113 0.25