5 0.5581009615384616 0.10350180505415163 0.13747596153846153 0.19736462093862817
5 0.4194951923076923 0.10350180505415163 0.13913461538461538 0.19736462093862817
6 0.6654567307692307 0.1492057761732852 0.1021875 0.18772563176895307
6 0.31456730769230773 0.16725631768953067 0.11834134615384614 0.19974729241877257
4 0.7335817307692308 0.2779783393501805 0.1461778846153846 0.21418772563176894
4 0.24084134615384614 0.2936101083032491 0.13439903846153844 0.22140794223826715
1 0.7704326923076923 0.45126353790613716 0.15581730769230767 0.19974729241877257
1 0.19677884615384617 0.4584837545126354 0.145625 0.19974729241877257
3 0.8120913461538461 0.5944765342960289 0.1526201923076923 0.17328519855595667
3 0.17036057692307693 0.6161371841155234 0.15365384615384617 0.19736462093862817
0 0.8457451923076923 0.8002527075812274 0.1846875 0.2815884476534296
0 0.14310096153846155 0.8110830324909747 0.19853365384615385 0.2840072202166065
2 0.872139423076923 0.9512635379061372 0.1758173076923077 0.09747292418772563
2 0.10384615384615385 0.9572924187725632 0.16810096153846155 0.08545126353790615