5 0.6219928186714542 0.25127272727272726 0.15375224416517055 0.33081818181818184
5 0.46793536804308794 0.27021212121212124 0.1538061041292639 0.29796969696969694
6 0.7506642728904848 0.2474848484848485 0.10357271095152602 0.3232424242424242
6 0.3318132854578097 0.2803030303030303 0.11797127468581686 0.26766666666666666
4 0.8471454219030521 0.23357575757575758 0.09014362657091562 0.3661515151515152
4 0.22710951526032316 0.2525151515151515 0.08807899461400359 0.3383939393939394
1 0.8980071813285457 0.2803030303030303 0.04827648114901257 0.2878787878787879
1 0.17175942549371634 0.26642424242424245 0.04622980251346499 0.2803030303030303
3 0.9241831238779173 0.31187878787878787 0.03782764811490126 0.27021212121212124
3 0.14333931777378817 0.2916666666666667 0.03427289048473968 0.25506060606060604
0 0.9563375224416516 0.29672727272727273 0.03933572710951526 0.2803030303030303
0 0.11642728904847396 0.2765151515151515 0.040269299820466786 0.2803030303030303
2 0.07903052064631957 0.2815757575757576 0.03728904847396768 0.2399090909090909
5 0.5464631956912028 0.7361212121212121 0.09543985637342908 0.2803030303030303
5 0.448491921005386 0.7474848484848484 0.10596050269299821 0.29293939393939394
6 0.3497666068222621 0.7487272727272728 0.0970197486535009 0.3005151515151515
6 0.6399640933572711 0.7222121212121213 0.09091561938958707 0.30303030303030304
4 0.7379353680430879 0.7399090909090908 0.10434470377019749 0.35354545454545455
4 0.2570197486535009 0.7765151515151515 0.08807899461400359 0.3964545454545455
1 0.820197486535009 0.6931818181818182 0.06842010771992818 0.20454545454545456
1 0.19495511669658888 0.7045454545454546 0.05967684021543986 0.1868787878787879
3 0.8740574506283663 0.6868787878787879 0.042298025134649905 0.17172727272727273
3 0.14409335727109515 0.6868787878787879 0.050718132854578095 0.16666666666666666
0 0.9009874326750449 0.6527878787878787 0.02734290843806104 0.13384848484848486
0 0.08649910233393178 0.6641515151515152 0.06420107719928186 0.2222121212121212
2 0.9144524236983842 0.5757575757575758 0.03333931777378815 0.1313030303030303