5 0.61251968503937 0.35736196319018404 0.13486876640419948 0.36503067484662577
5 0.47409448818897637 0.3696319018404908 0.14148293963254593 0.3773006134969325
6 0.7194619422572178 0.36809815950920244 0.07841207349081365 0.36809815950920244
6 0.35338582677165353 0.39570552147239263 0.09691601049868766 0.3067484662576687
4 0.25236220472440946 0.401840490797546 0.10482939632545932 0.3067484662576687
4 0.8021259842519686 0.3343558282208589 0.08624671916010498 0.4171779141104294
1 0.8631496062992127 0.36809815950920244 0.033175853018372704 0.27607361963190186
1 0.1696981627296588 0.3773006134969325 0.05762467191601049 0.294478527607362
3 0.899238845144357 0.34662576687116564 0.0423490813648294 0.26380368098159507
3 0.11395013123359579 0.3312883435582822 0.05372703412073491 0.27607361963190186
0 0.9464829396325459 0.3389570552147239 0.050249343832020996 0.2607361963190184
0 0.05818897637795276 0.26380368098159507 0.055065616797900264 0.2822085889570552
5 0.625 0.6855828220858896 0.07583989501312335 0.2852760736196319
5 0.5443175853018373 0.7223926380368099 0.0876771653543307 0.3220858895705521
6 0.45574803149606297 0.7315950920245399 0.08902887139107613 0.34049079754601225
6 0.7056955380577428 0.7331288343558282 0.08499999999999999 0.3619631901840491
4 0.35471128608923885 0.7361963190184049 0.11005249343832021 0.36809815950920244
4 0.7916404199475066 0.7530674846625767 0.08627296587926508 0.401840490797546
1 0.846745406824147 0.6871165644171779 0.07312335958005249 0.294478527607362
1 0.2727034120734908 0.700920245398773 0.10353018372703413 0.29141104294478526
3 0.8907086614173229 0.6303680981595092 0.0639238845144357 0.2607361963190184
3 0.1900524934383202 0.6549079754601227 0.09043307086614173 0.254601226993865
0 0.9385958005249344 0.593558282208589 0.0599737532808399 0.2361963190184049
0 0.11001312335958005 0.5950920245398773 0.10359580052493438 0.24539877300613497
2 0.056220472440944885 0.48466257668711654 0.05900262467191601 0.15337423312883436