5 0.5807135678391959 0.3440345821325648 0.14042211055276382 0.45749279538904897
5 0.441286432160804 0.34763688760806916 0.1429849246231156 0.46469740634005763
6 0.7075979899497487 0.3872622478386167 0.10832160804020101 0.37824207492795386
6 0.31883417085427135 0.4250720461095101 0.09153768844221105 0.36743515850144093
4 0.8011658291457286 0.4250720461095101 0.07695477386934672 0.3818443804034582
4 0.22776884422110552 0.45749279538904897 0.09533668341708543 0.36023054755043227
1 0.8708743718592965 0.4521037463976945 0.06316582914572864 0.335014409221902
1 0.1498994974874372 0.4665129682997118 0.0627035175879397 0.335014409221902
3 0.9186030150753769 0.42328530259365993 0.033035175879396986 0.2989913544668588
3 0.10970854271356784 0.44489913544668586 0.03257286432160804 0.27737752161383283
0 0.955035175879397 0.35662824207492794 0.043105527638190956 0.2521613832853026
0 0.06888442211055278 0.38904899135446686 0.051437185929648244 0.2521613832853026
2 0.9851457286432161 0.2953890489913545 0.029698492462311557 0.2377521613832853
2 0.027437185929648243 0.33861671469740634 0.03385929648241206 0.21613832853025935
5 0.569427135678392 0.6844380403458213 0.09569849246231156 0.345821325648415
5 0.4701809045226131 0.6772334293948127 0.10027135678391959 0.33861671469740634
6 0.6586030150753768 0.6988472622478387 0.08568844221105529 0.3530259365994236
6 0.3766130653266332 0.6754466858789625 0.08649246231155779 0.2989913544668588
4 0.7452763819095477 0.7114697406340057 0.08824120603015075 0.40706051873198845
4 0.29747738693467335 0.7312680115273775 0.07144723618090452 0.3314121037463977
1 0.8237788944723617 0.7222766570605187 0.0669145728643216 0.27737752161383283
1 0.22651256281407034 0.7276657060518732 0.06769849246231156 0.2737752161383285
3 0.8809246231155778 0.7222766570605187 0.05312562814070352 0.21974063400576369
3 0.1731356783919598 0.6826512968299712 0.05642211055276382 0.18371757925072046
0 0.9267738693467337 0.6520172910662824 0.0418391959798995 0.1729106628242075
0 0.11346733668341709 0.6412103746397695 0.0602110552763819 0.18011527377521613
2 0.9682211055276382 0.5277521613832853 0.049386934673366835 0.16930835734870317
2 0.06511557788944725 0.569164265129683 0.05394974874371859 0.15129682997118155