5 0.5885407239819004 0.4163714902807775 0.1505429864253394 0.32397408207343414
5 0.43711538461538463 0.427170626349892 0.14934389140271495 0.3215766738660907
6 0.3120814479638009 0.40436285097192226 0.09786199095022625 0.2951835853131749
6 0.7117194570135746 0.3863714902807775 0.09078054298642534 0.307170626349892
4 0.799683257918552 0.36956803455723547 0.08076923076923077 0.2831749460043197
4 0.2190837104072398 0.35758099352051836 0.08281674208144796 0.2783801295896328
1 0.8700565610859728 0.3515766738660907 0.06320135746606334 0.26637149028077756
1 0.14683257918552037 0.3311663066954644 0.06399321266968326 0.24958963282937366
3 0.9240950226244343 0.32997840172786175 0.045622171945701354 0.2279913606911447
3 0.0909049773755656 0.30116630669546435 0.05019230769230769 0.23278617710583155
0 0.9649321266968326 0.2843844492440604 0.034332579185520365 0.1991792656587473
0 0.03938914027149321 0.2759827213822894 0.0527262443438914 0.19198704103671707
5 0.5514705882352942 0.6935421166306696 0.1015497737556561 0.22557235421166305
5 0.4509389140271493 0.695939524838013 0.10409502262443439 0.2303887688984881
6 0.6438574660633484 0.6743412526997841 0.08824660633484163 0.26397408207343415
6 0.35417420814479633 0.6887473002159827 0.09156108597285068 0.26397408207343415
4 0.7311990950226245 0.6491576673866091 0.08702488687782806 0.26157667386609074
4 0.26118778280542987 0.6503455723542116 0.09411764705882353 0.2831749460043197
1 0.8078506787330316 0.6155507559395248 0.06442307692307693 0.28077753779697623
1 0.18326923076923077 0.5831533477321814 0.061470588235294124 0.25438444924406045
3 0.8713122171945702 0.5975593952483802 0.06067873303167421 0.22557235421166305
3 0.12358597285067874 0.5363498920086394 0.057726244343891404 0.20397408207343412
0 0.9297511312217195 0.49436285097192223 0.061968325791855204 0.2015766738660907
0 0.06953619909502262 0.46436285097192226 0.08287330316742082 0.1655939524838013