5 0.5470073891625616 0.5731052631578948 0.14065270935960592 0.7953157894736843
5 0.4142980295566503 0.538 0.12701970443349753 0.7251578947368421
6 0.302807881773399 0.5175263157894737 0.09833743842364531 0.6608421052631579
6 0.6687684729064038 0.5467894736842105 0.10503694581280788 0.731
4 0.20704433497536948 0.5 0.09016009852216748 0.7075789473684211
4 0.7631896551724139 0.532157894736842 0.08653940886699507 0.7719473684210526
1 0.15504926108374384 0.6140526315789474 0.07650246305418719 0.6432631578947369
1 0.8418596059113301 0.576 0.0687807881773399 0.7075789473684211
3 0.11811576354679802 0.7134736842105264 0.05736453201970443 0.4795263157894737
3 0.8945197044334976 0.6462105263157895 0.051022167487684726 0.5672631578947368
0 0.08049261083743842 0.7777894736842106 0.053275862068965514 0.43273684210526314
0 0.9437807881773399 0.6812631578947368 0.053768472906403936 0.42689473684210527
2 0.03807881773399015 0.8099473684210525 0.031391625615763544 0.3684210526315789
2 0.9766009852216748 0.7017368421052632 0.039248768472906405 0.3274736842105263