5 0.594051094890511 0.5564210526315789 0.16003649635036496 0.6165263157894737
5 0.43766423357664236 0.5808421052631579 0.15226277372262773 0.5676842105263158
6 0.31255474452554743 0.6222105263157894 0.10018248175182481 0.46242105263157895
6 0.7295985401459854 0.6014736842105263 0.10846715328467153 0.5112631578947369
4 0.21872262773722628 0.6372631578947369 0.09762773722627738 0.5676842105263158
4 0.8195255474452555 0.6353684210526316 0.07463503649635037 0.5488421052631579
1 0.15813868613138685 0.6748421052631579 0.07025547445255474 0.4473684210526316
1 0.8775182481751824 0.7030526315789475 0.047299270072992707 0.406
3 0.9152919708029197 0.7162105263157895 0.04470802919708029 0.34957894736842104
3 0.10470802919708029 0.6861052631578948 0.06248175182481752 0.3646315789473684
0 0.9433211678832117 0.7105263157894737 0.030364963503649638 0.2631578947368421
0 0.06364963503649636 0.6691578947368421 0.042919708029197076 0.27821052631578946