5 0.5488590604026846 0.35083969465648857 0.14426174496644295 0.43748091603053435
5 0.40496644295302014 0.31709923664122136 0.1430536912751678 0.44038167938931294
6 0.669496644295302 0.36259541984732824 0.0964765100671141 0.4198473282442748
6 0.28560402684563757 0.27595419847328245 0.09791946308724832 0.42274809160305343
4 0.19013422818791945 0.3303053435114504 0.08761744966442953 0.36702290076335875
4 0.7643624161073825 0.4448091603053435 0.09516778523489933 0.3787786259541985
1 0.1185234899328859 0.436030534351145 0.055402684563758395 0.21435114503816793
1 0.8417785234899329 0.5049618320610687 0.074496644295302 0.2700763358778626
3 0.9030872483221477 0.5916030534351145 0.049932885906040274 0.14977099236641223
5 0.537248322147651 0.7501526717557252 0.0926510067114094 0.36114503816793897
5 0.4456375838926175 0.7178625954198474 0.09268456375838927 0.36702290076335875
6 0.34755033557046977 0.675267175572519 0.1030536912751678 0.34641221374045805
6 0.6288590604026846 0.7560305343511451 0.09003355704697986 0.37290076335877864
4 0.24496644295302014 0.6855725190839694 0.09922818791946308 0.39633587786259544
4 0.7230536912751678 0.7487022900763358 0.09516778523489933 0.36404580152671756
1 0.13721476510067115 0.6664885496183206 0.12120805369127516 0.293587786259542
1 0.8282214765100672 0.7574809160305344 0.11708053691275168 0.2877099236641221
3 0.06365771812080537 0.6561832061068702 0.06701342281879194 0.2202290076335878
3 0.9230872483221476 0.7604580152671756 0.06929530201342281 0.18793893129770994