5 0.5470073891625616 0.5877368421052631 0.13791871921182267 0.7777894736842106
5 0.41362068965517246 0.5496842105263158 0.12838669950738915 0.7017368421052632
6 0.30348522167487685 0.5292631578947369 0.09422413793103449 0.6608421052631579
6 0.6708251231527094 0.5555789473684211 0.10640394088669951 0.7251578947368421
4 0.7652463054187192 0.5409473684210526 0.07970443349753695 0.7777894736842106
4 0.21114532019704432 0.5175263157894737 0.09016009852216748 0.6842105263157895
1 0.8418596059113301 0.5964736842105263 0.07698275862068965 0.6900526315789475
1 0.154371921182266 0.6345263157894737 0.07238916256157636 0.6140526315789474
3 0.8911083743842365 0.6491052631578947 0.060591133004926113 0.5496842105263158
3 0.1229064039408867 0.7105263157894737 0.0614655172413793 0.5204736842105263
0 0.9430911330049261 0.6900526315789475 0.05786945812807882 0.42105263157894735
0 0.08732758620689655 0.7719473684210526 0.05873152709359605 0.44442105263157894
2 0.9766133004926109 0.6871578947368421 0.04009852216748769 0.3684210526315789
2 0.03740147783251232 0.8128421052631579 0.04097290640394089 0.37426315789473685