5 0.7564298401420959 0.3201111111111111 0.14174067495559503 0.3756666666666667
5 0.6099289520426288 0.32407407407407407 0.15067495559502664 0.38359259259259254
6 0.4761101243339254 0.3002592592592592 0.11394316163410304 0.3307037037037037
6 0.8566607460035525 0.2883703703703704 0.05870337477797513 0.3439259259259259
1 0.3581349911190053 0.29762962962962963 0.12159857904085257 0.3148148148148148
1 0.9131083481349912 0.2751481481481482 0.047317939609236234 0.3068888888888889
3 0.9511545293072824 0.21692592592592594 0.019431616341030196 0.21162962962962964
3 0.24269982238010654 0.2830740740740741 0.1038898756660746 0.2645555555555556
0 0.13362344582593252 0.2328148148148148 0.11152753108348135 0.2751481481481482
2 0.03911190053285968 0.209 0.07477797513321492 0.2222222222222222
5 0.729822380106572 0.6415185185185186 0.08909413854351687 0.2936666666666667
5 0.6371936056838367 0.6666666666666666 0.09358792184724689 0.2962962962962963
6 0.5325577264653641 0.6111111111111112 0.11518650088809945 0.3333333333333333
6 0.8122735346358793 0.6190370370370369 0.07644760213143872 0.328037037037037
1 0.8782238010657194 0.585962962962963 0.05364120781527531 0.3148148148148148
1 0.4183836589698046 0.5661481481481482 0.11015985790408526 0.36507407407407405
3 0.3073889875666075 0.5304074074074074 0.10893428063943161 0.27248148148148144
3 0.9283303730017761 0.5304074074074074 0.04477797513321492 0.2618888888888889
0 0.19831261101243342 0.48411111111111116 0.11150976909413854 0.23811111111111113
2 0.08541740674955596 0.42329629629629634 0.11154529307282415 0.20633333333333334