5 0.5859052924791086 0.5263829787234042 0.1478551532033426 0.38960486322188453
5 0.4403203342618384 0.513951367781155 0.14537604456824513 0.414468085106383
6 0.31816155988857936 0.4821884498480243 0.1011142061281337 0.3730395136778116
6 0.7042896935933147 0.4959878419452888 0.08891364902506964 0.37857142857142856
4 0.7935376044568245 0.453161094224924 0.08768802228412256 0.38683890577507596
4 0.22132311977715877 0.4089665653495441 0.08974930362116991 0.425531914893617
1 0.8511281337047354 0.43382978723404253 0.04846796657381615 0.32051671732522796
1 0.15676880222841225 0.353677811550152 0.06445682451253482 0.403434650455927
3 0.8948050139275766 0.35091185410334347 0.03962395543175487 0.28738601823708204
3 0.11055710306406685 0.34264437689969607 0.05561281337047354 0.353677811550152
0 0.928342618384401 0.29012158054711246 0.028231197771587745 0.248693009118541
0 0.0668941504178273 0.2887537993920973 0.03410863509749303 0.25699088145896654
2 0.02384401114206128 0.25699088145896654 0.04678272980501393 0.276322188449848
5 0.5580779944289693 0.7419148936170212 0.07746518105849581 0.21829787234042553
5 0.4719777158774373 0.7350151975683891 0.07700557103064067 0.20446808510638298
6 0.3865320334261838 0.723951367781155 0.07576601671309192 0.215531914893617
6 0.6460445682451254 0.7433130699088146 0.08073816155988858 0.20446808510638298
4 0.732116991643454 0.7363829787234043 0.08323119777158774 0.25699088145896654
4 0.2985515320334262 0.7156534954407294 0.08720055710306407 0.25972644376899695
1 0.8061838440111421 0.729483282674772 0.06236768802228412 0.276322188449848
1 0.22132311977715877 0.6783586626139818 0.06444289693593315 0.25699088145896654
3 0.8587186629526462 0.6935562310030395 0.04086350974930362 0.265258358662614
3 0.16246518105849583 0.6286322188449848 0.058133704735376046 0.2459270516717325
0 0.8998607242339833 0.6631610942249241 0.03962395543175487 0.32604863221884495
0 0.10612813370473538 0.6272340425531915 0.054359331476323124 0.33158054711246204
2 0.9416434540389973 0.5719756838905775 0.04469359331476323 0.298419452887538
2 0.053593314763231197 0.5512462006079027 0.04805013927576602 0.29012158054711246