5 0.5545205479452054 0.40685294117647064 0.1505230386052304 0.42811764705882355
5 0.4002615193026152 0.41994117647058826 0.15473225404732255 0.4477058823529412
6 0.6804358655043586 0.4428235294117647 0.10683686176836862 0.42811764705882355
6 0.27921544209215443 0.45588235294117646 0.09252801992528019 0.4019705882352941
4 0.7731257783312578 0.4085 0.0819676214196762 0.366
4 0.19483188044831878 0.4264705882352941 0.0787173100871731 0.3431470588235294
1 0.845068493150685 0.38888235294117646 0.06262764632627646 0.3333235294117647
1 0.12843088418430884 0.4150294117647059 0.06214196762141967 0.34641176470588236
3 0.8955541718555418 0.3725588235294118 0.03912826899128269 0.2679705882352941
3 0.08069738480697385 0.39705882352941174 0.030348692403486924 0.2255
0 0.9363760896637608 0.3741764705882353 0.051606475716064755 0.2973823529411765
0 0.04749688667496887 0.36929411764705883 0.04972602739726027 0.25491176470588234
2 0.9757907845579078 0.2990294117647059 0.02809464508094645 0.20588235294117646
2 0.01775840597758406 0.2565294117647059 0.02344956413449564 0.14705882352941177
5 0.5061145703611457 0.7826764705882353 0.09293897882938978 0.3104705882352941
5 0.41549190535491903 0.8055588235294118 0.09386052303860523 0.3235294117647059
6 0.32694894146948944 0.7990294117647059 0.08559153175591533 0.3235294117647059
6 0.593972602739726 0.7728823529411764 0.08605230386052304 0.3496764705882353
4 0.7053424657534246 0.746735294117647 0.10961394769613947 0.3431470588235294
4 0.24394769613947695 0.7794117647058824 0.08285180572851805 0.33005882352941174
1 0.7938729763387298 0.6748235294117647 0.07921544209215442 0.2647058823529412
1 0.18653798256537982 0.7075294117647059 0.08702366127023661 0.24508823529411763
3 0.8499003735990037 0.6617647058823529 0.05295143212951432 0.1993529411764706
3 0.1263511830635118 0.6944411764705882 0.05523038605230386 0.21241176470588236
0 0.9259900373599005 0.6209117647058824 0.09170610211706103 0.22876470588235295
0 0.0689414694894147 0.612735294117647 0.06216687422166874 0.21241176470588236
2 0.02951432129514321 0.5294117647058824 0.046961394769613946 0.12417647058823529