5 0.7833333333333334 0.435699481865285 0.1367816091954023 0.42862694300518134
5 0.6187787356321839 0.4498445595854922 0.18908045977011492 0.42862694300518134
6 0.4496695402298851 0.41803108808290157 0.14866379310344827 0.3838860103626943
6 0.8728017241379311 0.40038860103626944 0.04402298850574713 0.33914507772020724
4 0.29099137931034486 0.36152849740932647 0.1656896551724138 0.3791709844559586
4 0.916551724137931 0.305 0.046091954022988504 0.3556217616580311
1 0.14604885057471265 0.3273575129533679 0.126566091954023 0.27790155440414505
3 0.04222701149425288 0.3026424870466321 0.08090517241379311 0.25199481865284973
5 0.6808333333333334 0.7183160621761657 0.08386494252873562 0.20253886010362696
5 0.5756896551724138 0.7112694300518135 0.09245689655172414 0.21196891191709843
6 0.45359195402298846 0.6924093264248704 0.1251580459770115 0.25906735751295334
6 0.7591954022988505 0.6818134715025906 0.06301724137931035 0.1954663212435233
4 0.30275862068965514 0.6394300518134715 0.14479885057471265 0.31795336787564765
4 0.8270977011494253 0.6394300518134715 0.04997126436781609 0.15779792746113988
1 0.15844827586206897 0.5699481865284974 0.14093390804597702 0.26849740932642485
3 0.047873563218390806 0.4957512953367876 0.09573275862068965 0.18134715025906736