5 0.556383363471971 0.4642916666666667 0.1353526220614828 0.38095833333333334
5 0.42014466546112117 0.46279166666666666 0.13669077757685352 0.40775
6 0.6706871609403254 0.45237499999999997 0.0906871609403255 0.35120833333333334
6 0.310379746835443 0.46129166666666666 0.07990958408679927 0.35120833333333334
4 0.7585171790235081 0.41220833333333334 0.08298372513562387 0.3720416666666667
4 0.23547920433996383 0.439 0.06960216998191682 0.3839166666666667
1 0.8314647377938518 0.3482083333333333 0.06363471971066907 0.3214166666666667
1 0.17670886075949366 0.40775 0.05025316455696202 0.3154583333333333
3 0.8824773960216998 0.3005833333333333 0.0416998191681736 0.29762500000000003
3 0.13216998191681736 0.3660833333333333 0.04381555153707053 0.27975
0 0.9302712477396022 0.29612499999999997 0.049475587703435804 0.2767916666666667
0 0.08244122965641953 0.3526666666666667 0.05028933092224231 0.264875
5 0.5318625678119349 0.732125 0.0867631103074141 0.26787500000000003
5 0.44533453887884267 0.7380833333333333 0.08631103074141049 0.27379166666666666
6 0.3620253164556962 0.7529583333333334 0.08247739602169982 0.26787500000000003
6 0.6177215189873418 0.736625 0.08495479204339963 0.25295833333333334
4 0.28066907775768535 0.7276666666666666 0.07990958408679927 0.25295833333333334
4 0.7049005424954792 0.6949583333333333 0.08880650994575046 0.235125
1 0.2154611211573237 0.6815416666666666 0.05540687160940325 0.24404166666666666
1 0.7804520795660036 0.6324583333333333 0.06164556962025317 0.22916666666666666
3 0.8340506329113925 0.578875 0.045551537070524416 0.21129166666666668
3 0.17025316455696204 0.6369166666666667 0.03734177215189873 0.19045833333333334
0 0.8941048824593129 0.53125 0.06752260397830019 0.169625
0 0.12376130198915009 0.610125 0.06059674502712477 0.22025