5 0.5575370121130552 0.35542168674698793 0.13698519515477792 0.42168674698795183
5 0.4196096904441453 0.3644578313253012 0.13569313593539703 0.40963855421686746
5 0.5400538358008076 0.8057228915662651 0.07779273216689098 0.29819277108433734
5 0.46200538358008075 0.8042168674698795 0.07781965006729476 0.3072289156626506
6 0.30994616419919246 0.34186746987951805 0.08594885598923284 0.35240963855421686
6 0.3832839838492597 0.7891566265060241 0.07919246298788694 0.29518072289156627
6 0.6174293405114402 0.7966867469879518 0.07372812920592194 0.3102409638554217
6 0.6699192462987887 0.35542168674698793 0.0877792732166891 0.3674698795180723
4 0.22920592193808884 0.3102409638554217 0.07522207267833109 0.3614457831325301
4 0.30321668909825034 0.7394578313253012 0.08056527590847914 0.3042168674698795
4 0.6948048452220726 0.7635542168674698 0.08310901749663527 0.32228915662650603
4 0.7519919246298788 0.3373493975903614 0.0736742934051144 0.3795180722891566
1 0.8118842530282638 0.3072289156626506 0.0488021534320323 0.3253012048192771
1 0.16327052489905788 0.2996987951807229 0.0564064602960969 0.28012048192771083
1 0.23593539703903096 0.6762048192771084 0.07790040376850606 0.2620481927710843
1 0.7567025572005384 0.6942771084337349 0.08040376850605653 0.2680722891566265
3 0.18951547779273217 0.6069277108433735 0.0765814266487214 0.20783132530120482
3 0.8071601615074024 0.625 0.06557200538358007 0.19578313253012047
3 0.8603230148048453 0.286144578313253 0.04882907133243607 0.3072289156626506
3 0.12223418573351277 0.2816265060240964 0.04430686406460296 0.24397590361445784
0 0.8663660834454913 0.5737951807228916 0.08169582772543742 0.1897590361445783
0 0.07917900403768506 0.24849397590361447 0.04432032301480485 0.24397590361445784
0 0.13030955585464332 0.5557228915662651 0.07928667563930013 0.21385542168674698
0 0.9094481830417228 0.2620481927710843 0.04749663526244953 0.26506024096385544
2 0.8959757738896367 0.45933734939759036 0.06016150740242261 0.12349397590361445
2 0.0852220726783311 0.45331325301204817 0.07527590847913862 0.1536144578313253
2 0.040148048452220725 0.17319277108433734 0.03627187079407806 0.21385542168674698
2 0.9511574697173621 0.20180722891566266 0.03674293405114401 0.21686746987951808