5 0.5688328530259366 0.43859649122807015 0.13595100864553314 0.47846491228070176
5 0.4319740634005764 0.4425877192982456 0.1373054755043228 0.4625
6 0.31345821325648415 0.418640350877193 0.10198847262247838 0.41469298245614034
6 0.6867146974063401 0.3787719298245614 0.0939913544668588 0.47048245614035084
4 0.21587896253602304 0.384780701754386 0.08762247838616714 0.42662280701754385
4 0.7764409221902018 0.3389035087719298 0.08546109510086455 0.48644736842105263
1 0.14974063400576368 0.40271929824561403 0.06276657060518732 0.358859649122807
1 0.8321037463976946 0.36482456140350883 0.05798270893371758 0.3787719298245614
3 0.10521613832853026 0.3927631578947368 0.04181556195965418 0.29105263157894734
3 0.8726945244956772 0.3767982456140351 0.04752161383285302 0.37083333333333335
0 0.9093659942363113 0.37083333333333335 0.04229106628242075 0.28706140350877196
0 0.07706051873198846 0.37083333333333335 0.030043227665706055 0.20732456140350877
5 0.5426657060518733 0.6878070175438596 0.0788328530259366 0.28311403508771926
5 0.46079250720461096 0.681798245614035 0.0849135446685879 0.28706140350877196
6 0.36125360230547554 0.681798245614035 0.0954178674351585 0.2950438596491228
6 0.6356340057636888 0.6778508771929825 0.08615273775216138 0.28706140350877196
4 0.2656484149855908 0.6857894736842106 0.09283861671469741 0.3269736842105263
4 0.7207636887608069 0.6718421052631579 0.0782564841498559 0.32298245614035087
1 0.1903458213256484 0.6798245614035088 0.057507204610951004 0.2751315789473684
1 0.7895389048991355 0.681798245614035 0.059279538904899134 0.31100877192982457
3 0.8399567723342939 0.6698684210526316 0.04227665706051873 0.23925438596491228
3 0.1314121037463977 0.6439473684210526 0.06014409221902017 0.22728070175438597
0 0.8740057636887607 0.6239912280701755 0.029193083573487034 0.1794298245614035
0 0.09538904899135447 0.5921052631578947 0.037896253602305474 0.17144736842105265