5 0.5723152709359606 0.29938888888888887 0.16663793103448277 0.41975
5 0.40198275862068966 0.28702777777777777 0.17353448275862068 0.4135833333333333
6 0.26039408866995073 0.29630555555555554 0.1120320197044335 0.32716666666666666
6 0.7118719211822659 0.3348888888888889 0.10912561576354679 0.35494444444444445
4 0.15641625615763546 0.34258333333333335 0.09838669950738917 0.3580277777777777
4 0.8172290640394089 0.31480555555555556 0.10433497536945813 0.41975
1 0.0845935960591133 0.35030555555555554 0.055997536945812804 0.31172222222222223
1 0.8986330049261084 0.3333333333333333 0.056490147783251225 0.29630555555555554
3 0.9417241379310344 0.28394444444444444 0.027770935960591134 0.21605555555555556
3 0.04629310344827586 0.3487777777777778 0.0395935960591133 0.2222222222222222
0 0.9759236453201972 0.2638888888888889 0.038731527093596056 0.1882777777777778
0 0.013460591133004926 0.28858333333333336 0.025923645320197045 0.14505555555555555
5 0.5490640394088669 0.7993888888888888 0.1146551724137931 0.3024722222222222
5 0.4409852216748768 0.7916666666666666 0.10100985221674877 0.33025
6 0.33358374384236456 0.7746944444444444 0.11610837438423645 0.3395
6 0.6660344827586208 0.8071111111111111 0.11050492610837438 0.31172222222222223
4 0.22413793103448276 0.7052499999999999 0.09972906403940887 0.31172222222222223
4 0.7741133004926108 0.7484444444444445 0.10500000000000001 0.3055555555555556
1 0.8569088669950738 0.6913611111111111 0.07972906403940887 0.2654444444444444
1 0.15504926108374384 0.6605 0.09838669950738917 0.2654444444444444
3 0.8945320197044335 0.6280833333333333 0.05922413793103449 0.1512222222222222
3 0.1099014778325123 0.6080277777777777 0.07924876847290639 0.18519444444444444
0 0.9478817733990147 0.5586388888888889 0.09206896551724139 0.21605555555555556
0 0.05380541871921182 0.5663611111111111 0.09022167487684729 0.1821111111111111
2 0.02166256157635468 0.4274722222222222 0.042339901477832516 0.10802777777777778
2 0.9663546798029556 0.4475277777777778 0.06334975369458128 0.14197222222222222