5 0.6159938366718027 0.28540462427745666 0.167904468412943 0.4166763005780346
5 0.44397534668721106 0.2878034682080925 0.17824345146379045 0.43592485549132953
6 0.7553158705701079 0.28300578034682083 0.10816640986132511 0.33476878612716765
6 0.2995531587057011 0.3010693641618497 0.11024653312788905 0.3227456647398844
4 0.8516024653312789 0.2589017341040462 0.0799537750385208 0.33959537572254334
4 0.198135593220339 0.2721676300578035 0.08975346687211094 0.35164739884393065
1 0.91 0.25771676300578034 0.03761171032357473 0.23121387283236994
1 0.13266563944530047 0.26973988439306357 0.04098613251155624 0.24566473988439305
3 0.10955315870570106 0.23722543352601155 0.020462249614791986 0.17580924855491328
5 0.5742835130970724 0.8598265895953757 0.10500770416024655 0.2552890173410405
5 0.4702927580893683 0.8610404624277457 0.09992295839753466 0.2480635838150289
6 0.36694915254237287 0.8646531791907515 0.09867488443759631 0.2649421965317919
6 0.6776271186440678 0.8236994219653179 0.09342064714946072 0.2552890173410405
4 0.7636363636363637 0.8020231213872833 0.07285053929121726 0.3082947976878613
4 0.27773497688751925 0.8116473988439306 0.07687211093990755 0.30346820809248554
1 0.8316795069337443 0.7309826589595375 0.07281972265023112 0.262514450867052
1 0.19748844375963018 0.7466184971098265 0.08332819722650231 0.26973988439306357
3 0.8586440677966102 0.6273988439306358 0.05996918335901387 0.18063583815028902
3 0.14550077041602466 0.6623410404624277 0.05124807395993836 0.18786127167630057
0 0.866995377503852 0.5081791907514451 0.050986132511556245 0.13968208092485548
0 0.13138674884437596 0.575635838150289 0.06152542372881356 0.17341040462427745
2 0.1506317411402157 0.4455780346820809 0.05382126348228043 0.09153179190751445