5 0.5368098159509203 0.3748266666666667 0.15649079754601228 0.4296266666666667
5 0.3759754601226994 0.36888000000000004 0.1592760736196319 0.44149333333333335
5 0.5293251533742331 0.8044533333333334 0.09516564417177914 0.32296
5 0.4359509202453988 0.81184 0.09382822085889571 0.33183999999999997
6 0.6724662576687116 0.32 0.11480981595092024 0.4325866666666667
6 0.23694478527607363 0.3496266666666667 0.11844171779141105 0.3851733333333333
6 0.3405398773006135 0.8014933333333334 0.09658895705521472 0.32888
6 0.6254233128834357 0.7925866666666668 0.09375460122699386 0.32296
4 0.784920245398773 0.26370666666666664 0.11348466257668711 0.4562933333333334
4 0.12857668711656442 0.32888 0.09803680981595092 0.40888
4 0.7242453987730061 0.8044533333333334 0.10326380368098159 0.38221333333333335
4 0.24103067484662577 0.79704 0.09936196319018406 0.37333333333333335
1 0.8598773006134969 0.28592 0.06717791411042945 0.29333333333333333
1 0.05770552147239264 0.32592 0.06262576687116564 0.30221333333333333
1 0.171521472392638 0.76 0.08030674846625767 0.30517333333333335
1 0.7978527607361963 0.76888 0.07051533742331288 0.2992533333333333
3 0.861239263803681 0.7407466666666666 0.05549693251533742 0.27258666666666664
3 0.1101840490797546 0.7407466666666666 0.06396319018404908 0.2785066666666667
3 0.9089570552147239 0.30517333333333335 0.048110429447852765 0.26666666666666666
3 0.02022085889570552 0.3333333333333333 0.03673619631901841 0.25184
0 0.05770552147239264 0.73184 0.07625766871165644 0.28445333333333334
0 0.9205276073619633 0.7244533333333334 0.07592638036809816 0.25778666666666666
0 0.966196319018405 0.29333333333333333 0.06721472392638037 0.2785066666666667
2 0.9559631901840491 0.6118399999999999 0.07863803680981596 0.26370666666666664
2 0.027042944785276073 0.6355466666666667 0.0503680981595092 0.21629333333333334