5 0.6018613138686131 0.5399999999999999 0.1645985401459854 0.6043157894736841
5 0.4444160583941606 0.5613684210526315 0.14978102189781023 0.5691578947368421
6 0.3214233576642336 0.6082105263157895 0.09846715328467154 0.4522105263157895
6 0.7329562043795621 0.5789473684210527 0.09697080291970803 0.5107368421052632
4 0.22142335766423357 0.6043157894736841 0.10124087591240875 0.5457894736842105
4 0.8248540145985401 0.614 0.08145985401459854 0.5496842105263158
1 0.16127737226277372 0.6510526315789474 0.07014598540145985 0.44442105263157894
1 0.8856569343065693 0.6803157894736842 0.04094890510948905 0.40157894736842104
3 0.10452554744525548 0.6725263157894736 0.048576642335766425 0.3469473684210526
3 0.9235036496350365 0.7075789473684211 0.03554744525547445 0.3469473684210526
0 0.06463503649635037 0.6530526315789473 0.03372262773722628 0.2533684210526316
0 0.9525547445255474 0.6940000000000001 0.026094890510948907 0.24947368421052632