5 0.5692457737321196 0.4008746355685131 0.14405721716514955 0.446064139941691
5 0.42362808842652794 0.4037900874635568 0.14671001300390116 0.4402332361516035
6 0.6934330299089727 0.3454810495626822 0.09911573472041613 0.3935860058309038
6 0.30271781534460335 0.3819241982507289 0.09734720416124837 0.3673469387755102
4 0.775331599479844 0.30903790087463556 0.0653446033810143 0.3848396501457726
4 0.2091027308192458 0.35422740524781343 0.08958387516254876 0.358600583090379
1 0.8286475942782835 0.26239067055393583 0.039362808842652794 0.33819241982507287
1 0.1519115734720416 0.34110787172011664 0.05840052015604681 0.3498542274052478
3 0.8552925877763329 0.2434402332361516 0.025071521456436933 0.30029154518950435
0 0.8826007802340703 0.17201166180758018 0.03547464239271782 0.2857142857142857
0 0.08884265279583874 0.2944606413994169 0.0701300390117035 0.29737609329446063
2 0.035539661898569566 0.2259475218658892 0.03894668400520156 0.18950437317784258
5 0.5946033810143043 0.7405247813411079 0.08344603381014304 0.24489795918367346
5 0.51074122236671 0.7594752186588921 0.08426527958387516 0.2653061224489796
6 0.42167750325097525 0.7594752186588921 0.0960078023407022 0.27113702623906705
6 0.6745643693107932 0.7142857142857143 0.0764109232769831 0.31486880466472306
4 0.7415344603381014 0.7026239067055393 0.08613784135240571 0.3556851311953353
4 0.34042912873862163 0.7376093294460642 0.07652795838751626 0.3556851311953353
1 0.8019895968790638 0.6720116618075802 0.08224967490247075 0.30029154518950435
1 0.2565669700910273 0.7725947521865889 0.09087126137841352 0.30903790087463556
3 0.8403381014304292 0.5932944606413995 0.06016905071521457 0.20699708454810495
3 0.20131339401820547 0.6807580174927114 0.07399219765929779 0.22448979591836735
0 0.8826007802340703 0.4970845481049563 0.07708712613784136 0.21865889212827988
0 0.10574772431729518 0.6705539358600583 0.11693107932379714 0.30903790087463556
2 0.06089726918075422 0.5029154518950437 0.06884265279583875 0.20116618075801748