5 0.38786407766990294 0.9504260089686098 0.09671844660194175 0.097152466367713
5 0.28970873786407764 0.9446860986547085 0.09460194174757282 0.11060538116591928
6 0.19479611650485434 0.8856502242152466 0.09895145631067961 0.11210762331838565
6 0.48493203883495145 0.955896860986547 0.09667961165048544 0.08818385650224216
4 0.5830873786407768 0.9080717488789237 0.11605825242718447 0.13204035874439463
4 0.12254368932038835 0.7909865470852018 0.11407766990291263 0.15197309417040358
1 0.6909320388349515 0.792219730941704 0.1246601941747573 0.18434977578475337
1 0.08479611650485437 0.6302914798206278 0.13351456310679613 0.15943946188340807
3 0.7664271844660194 0.6701569506726457 0.13324271844660196 0.15446188340807174
3 0.06644660194174758 0.4808071748878924 0.1270485436893204 0.1395067264573991
0 0.8494757281553399 0.5306502242152467 0.18714563106796114 0.23417040358744395
0 0.06174757281553398 0.29771300448430493 0.12351456310679612 0.21674887892376682
2 0.9211067961165048 0.3300896860986547 0.15780582524271844 0.20677130044843048
2 0.06968932038834952 0.09591928251121076 0.13782524271844662 0.18683856502242152