5 0.583840490797546 0.4041739130434783 0.16602453987730062 0.4798840579710145
5 0.41822085889570554 0.4138550724637681 0.1647239263803681 0.4541159420289855
6 0.7303926380368098 0.36069565217391303 0.12164417177914111 0.4573333333333333
6 0.2730674846625767 0.37197101449275366 0.1143312883435583 0.4154492753623189
4 0.8455828220858895 0.3574782608695652 0.11214723926380368 0.4315652173913043
4 0.16061349693251534 0.3574782608695652 0.11029447852760736 0.4186666666666667
1 0.933484662576687 0.3800289855072464 0.06446625766871165 0.3800289855072464
1 0.0801963190184049 0.3800289855072464 0.053067484662576686 0.37359420289855066
3 0.9750552147239263 0.3687536231884058 0.024957055214723925 0.2737391304347826
3 0.027030674846625767 0.36394202898550726 0.0503680981595092 0.34782608695652173
5 0.5579509202453988 0.7149855072463768 0.10604907975460123 0.4186666666666667
5 0.4495828220858896 0.6940289855072463 0.1101840490797546 0.38968115942028986
6 0.3459877300613497 0.6537971014492754 0.09658895705521472 0.4186666666666667
6 0.6656319018404908 0.6779420289855073 0.097840490797546 0.44765217391304346
4 0.24375460122699386 0.6827826086956522 0.10480981595092025 0.4508985507246377
4 0.7719509202453988 0.6650434782608695 0.11142331288343559 0.44765217391304346
1 0.1503926380368098 0.6843768115942029 0.08166871165644173 0.37681159420289856
1 0.8707852760736197 0.6666666666666666 0.08079754601226993 0.37359420289855066
3 0.9287116564417177 0.6505507246376812 0.03584049079754601 0.2061159420289855
3 0.08769325153374233 0.6521739130434783 0.04352147239263804 0.2866376811594203
0 0.9716564417177914 0.5797101449275363 0.053582822085889575 0.25765217391304346
0 0.03452760736196319 0.6296231884057971 0.06262576687116564 0.2351014492753623