5 0.5899754601226994 0.42462242562929065 0.18919018404907975 0.427162471395881
5 0.4052760736196319 0.42205949656750574 0.17971779141104294 0.4525858123569794
6 0.7337791411042944 0.39791762013729975 0.09507975460122699 0.3890160183066362
6 0.25874846625766873 0.4080778032036614 0.11025766871165645 0.37375286041189937
4 0.8367116564417177 0.3686727688787186 0.11078527607361964 0.41697940503432496
4 0.1456196319018405 0.38647597254004573 0.11847852760736197 0.4017391304347826
1 0.9184907975460124 0.3534096109839817 0.05355828220858896 0.4017391304347826
1 0.05838036809815951 0.3762929061784897 0.0803435582822086 0.36613272311212813
3 0.9600736196319019 0.3318077803203661 0.05494478527607362 0.32798627002288333
0 0.9840122699386503 0.32798627002288333 0.031963190184049084 0.25933638443935925
5 0.5518159509202454 0.6890389016018307 0.08560736196319017 0.23899313501144165
5 0.458441717791411 0.6915789473684211 0.09245398773006135 0.23391304347826086
6 0.3562085889570552 0.6890389016018307 0.10885889570552147 0.2288329519450801
6 0.6417791411042945 0.6966590389016019 0.08830674846625766 0.2288329519450801
4 0.7358404907975461 0.6954004576659039 0.0998282208588957 0.2873226544622426
4 0.24375460122699386 0.7017620137299772 0.11298159509202453 0.33052631578947367
1 0.8292147239263803 0.6725171624713958 0.09033128834355829 0.2517162471395881
1 0.1347116564417178 0.6737757437070938 0.10212269938650308 0.26951945080091533
3 0.8932760736196319 0.6064073226544623 0.05219631901840491 0.1500228832951945
3 0.05498159509202454 0.6369107551487414 0.059901840490797546 0.19578947368421054
0 0.9491656441717792 0.5441189931350114 0.05493251533742332 0.13729977116704806