5 0.5334110429447853 0.37629333333333337 0.1578650306748466 0.42074666666666666
5 0.3752883435582822 0.36888000000000004 0.16065030674846625 0.4296266666666667
6 0.23558282208588957 0.3466666666666667 0.11571779141104295 0.3851733333333333
6 0.6717791411042945 0.31112 0.1161717791411043 0.4444533333333333
4 0.12790184049079753 0.32592 0.09667484662576688 0.40296000000000004
4 0.7855950920245399 0.27112 0.11212269938650306 0.44741333333333333
1 0.857840490797546 0.28887999999999997 0.07126380368098159 0.29333333333333333
1 0.05838036809815951 0.32888 0.06671165644171778 0.30221333333333333
3 0.9075950920245399 0.30517333333333335 0.048110429447852765 0.25482666666666665
3 0.02158282208588957 0.33037333333333335 0.03673619631901841 0.25184
0 0.9627975460122699 0.28445333333333334 0.06857668711656442 0.2785066666666667
5 0.5286380368098159 0.80296 0.09379141104294478 0.33183999999999997
5 0.4345889570552147 0.8074133333333332 0.0965521472392638 0.33482666666666666
6 0.6233742331288343 0.79112 0.09512883435582822 0.32592
6 0.3384907975460123 0.8 0.09250306748466258 0.33183999999999997
4 0.24307975460122702 0.7837066666666667 0.0979877300613497 0.35850666666666664
4 0.7242453987730061 0.7925866666666668 0.10326380368098159 0.38221333333333335
1 0.17083435582822085 0.7674133333333333 0.0843803680981595 0.32
1 0.7964907975460123 0.76 0.07052760736196319 0.31112
3 0.8612515337423312 0.7466666666666667 0.058993865030674844 0.2785066666666667
3 0.11223312883435582 0.73184 0.06804907975460123 0.26666666666666666
0 0.9246257668711657 0.7155466666666667 0.0767361963190184 0.2696266666666667
0 0.061791411042944784 0.72296 0.07898159509202454 0.27258666666666664
2 0.9593865030674846 0.6103733333333333 0.06175460122699386 0.2607466666666667
2 0.029766871165644172 0.6296266666666667 0.055815950920245404 0.24