5 0.5501342281879195 0.3376335877862595 0.14426174496644295 0.43450381679389316
5 0.40691275167785235 0.3009160305343512 0.13916107382550336 0.4316030534351145
6 0.6733892617449664 0.36114503816793897 0.10483221476510067 0.3934351145038168
6 0.289496644295302 0.2598473282442748 0.09791946308724832 0.4257251908396947
4 0.772751677852349 0.42274809160305343 0.08869127516778523 0.39931297709923663
4 0.19399328859060402 0.30679389312977096 0.08761744966442953 0.3787786259541985
1 0.8282214765100672 0.4770992366412214 0.055134228187919465 0.27893129770992364
1 0.1397986577181208 0.4154198473282443 0.051510067114093956 0.1967175572519084
3 0.8656711409395974 0.5314503816793893 0.04295302013422819 0.19374045801526718
3 0.10818791946308726 0.46977099236641223 0.032181208053691276 0.09984732824427481
0 0.9082550335570471 0.5857251908396947 0.04295302013422819 0.12625954198473283
5 0.5385570469798658 0.720763358778626 0.08798657718120804 0.36702290076335875
5 0.4456375838926175 0.6914503816793893 0.09312080536912752 0.36702290076335875
6 0.6314429530201342 0.7325190839694656 0.09577181208053691 0.38458015267175577
6 0.34949664429530203 0.6679389312977099 0.09953020134228188 0.3552671755725191
4 0.7275838926174496 0.720763358778626 0.09708053691275167 0.36702290076335875
4 0.24885906040268455 0.6591603053435114 0.09949664429530201 0.41396946564885495
1 0.8095302013422819 0.729618320610687 0.06744966442953021 0.28480916030534353
1 0.17013422818791948 0.6503053435114504 0.06073825503355705 0.3141221374045801
3 0.8618120805369127 0.7280916030534351 0.061006711409395974 0.21725190839694658
3 0.1165771812080537 0.6650381679389313 0.0723489932885906 0.28480916030534353
0 0.9056711409395972 0.7354961832061069 0.048120805369127516 0.16732824427480916
0 0.07077181208053691 0.6385496183206107 0.06328859060402685 0.2202290076335878
2 0.9418120805369128 0.7237404580152672 0.03781879194630872 0.13213740458015266