5 0.5611532385466035 0.2777777777777778 0.12873617693522907 0.44754629629629633
5 0.4308372827804108 0.28162037037037035 0.13404423380726696 0.44754629629629633
6 0.3176461295418641 0.26425925925925925 0.08669826224328595 0.37421296296296297
6 0.6710584518167456 0.245 0.08788309636650869 0.3819444444444444
4 0.23933649289099526 0.25657407407407407 0.07488151658767772 0.3819444444444444
4 0.7579462875197472 0.2199074074074074 0.08589257503949446 0.4089351851851852
1 0.8184992101105846 0.23921296296296296 0.05169036334913112 0.3549537037037037
1 0.17944707740916271 0.2526851851851852 0.05516587677725119 0.33564814814814814
3 0.8573301737756714 0.26814814814814814 0.05037914691943128 0.3047685185185185
3 0.13799368088467615 0.2488425925925926 0.043333333333333335 0.25078703703703703
0 0.8948341232227487 0.2276388888888889 0.054344391785150076 0.32407407407407407
0 0.09849921011058452 0.23148148148148148 0.038088467614533966 0.23921296296296296
5 0.544044233807267 0.7214351851851852 0.0708214849921011 0.32407407407407407
5 0.472306477093207 0.7253240740740741 0.06954186413902054 0.32407407407407407
6 0.3972827804107425 0.7523148148148148 0.08009478672985783 0.37810185185185186
6 0.6190679304897314 0.7523148148148148 0.07606635071090047 0.39351851851851855
4 0.698041074249605 0.7349537037037037 0.0760347551342812 0.3819444444444444
4 0.32028436018957346 0.7291666666666666 0.07617693522906793 0.3626388888888889
1 0.7664928909952606 0.7175925925925926 0.0575829383886256 0.3472222222222222
1 0.2524960505529226 0.7387962962962964 0.05908372827804107 0.3587962962962963
3 0.8132227488151659 0.6886574074074074 0.04571879936808847 0.32791666666666663
3 0.20840442338072668 0.6635648148148149 0.06304897314375987 0.2700462962962963
0 0.8599526066350711 0.6712962962962963 0.047756714060031596 0.37037037037037035
0 0.15115323854660348 0.6385185185185185 0.069652448657188 0.28935185185185186
2 0.893522906793049 0.5729166666666666 0.03592417061611374 0.29708333333333337