5 0.3925133689839572 0.39090909090909093 0.14748663101604279 0.34545454545454546
5 0.256934046345811 0.37014545454545456 0.1233511586452763 0.36105454545454546
6 0.5230124777183601 0.3870181818181818 0.11352941176470588 0.3013090909090909
6 0.16782531194295902 0.3090909090909091 0.05463458110516934 0.31167272727272727
4 0.6414081996434937 0.3649454545454545 0.12121212121212122 0.3090909090909091
4 0.1200891265597148 0.27403636363636363 0.04319073083778966 0.2675272727272727
1 0.7438680926916221 0.3480363636363636 0.08433155080213904 0.25974545454545456
1 0.09081996434937611 0.2129818181818182 0.020285204991087345 0.19741818181818183
0 0.849536541889483 0.2844 0.1302139037433155 0.23116363636363638
2 0.9462745098039216 0.23767272727272726 0.06071301247771836 0.16363636363636364
5 0.39188948306595367 0.6818181818181818 0.08802139037433156 0.2986909090909091
5 0.3027629233511586 0.6909090909090909 0.08768270944741532 0.2753090909090909
6 0.48800356506238857 0.6740363636363637 0.10204991087344029 0.2986909090909091
6 0.22383244206773617 0.6311636363636364 0.07244206773618539 0.23894545454545452
4 0.5962032085561498 0.6402545454545454 0.10973262032085562 0.3142909090909091
4 0.16081996434937612 0.5805090909090909 0.07119429590017824 0.24676363636363635
1 0.6993226381461676 0.6025818181818182 0.09959001782531193 0.29610909090909093
1 0.11563279857397506 0.47530909090909096 0.047023172905525844 0.22338181818181818
0 0.8107130124777183 0.5272727272727272 0.1187344028520499 0.2337818181818182
2 0.9227272727272727 0.4168727272727273 0.1060427807486631 0.2