5 0.556864064602961 0.35993975903614456 0.1410228802153432 0.4066265060240964
5 0.42028263795423954 0.3644578313253012 0.1289636608344549 0.4036144578313253
6 0.30994616419919246 0.34487951807228917 0.0886406460296097 0.35843373493975905
6 0.667900403768506 0.3539156626506024 0.08104979811574697 0.3704819277108434
4 0.22853297442799464 0.3132530120481928 0.07655450874831764 0.3493975903614458
4 0.7459488559892329 0.3313253012048193 0.07030955585464334 0.39156626506024095
1 0.8098654104979812 0.3132530120481928 0.058223418573351275 0.3132530120481928
1 0.1646164199192463 0.30873493975903615 0.05371467025572005 0.2680722891566265
3 0.859650067294751 0.28463855421686746 0.04746971736204576 0.29819277108433734
3 0.12088829071332435 0.2876506024096386 0.03892328398384926 0.23795180722891565
0 0.910121130551817 0.26656626506024095 0.05422611036339165 0.2560240963855422
0 0.08253028263795424 0.2560240963855422 0.04297442799461642 0.24096385542168675
2 0.9484656796769853 0.21385542168674698 0.04212651413189771 0.21084337349397592
2 0.04216689098250336 0.1746987951807229 0.0376043068640646 0.22289156626506024
5 0.5400538358008076 0.8072289156626506 0.07779273216689098 0.30120481927710846
5 0.46133243606998653 0.7951807228915663 0.07647375504710632 0.29518072289156627
6 0.3819380888290713 0.7876506024096386 0.0818842530282638 0.29819277108433734
6 0.6140646029609691 0.7831325301204819 0.07238223418573352 0.29518072289156627
4 0.30523553162853295 0.7364457831325302 0.08998654104979811 0.2921686746987952
4 0.69278600269179 0.7575301204819277 0.08714670255720054 0.32228915662650603
1 0.7546837146702557 0.6927710843373494 0.07905787348586811 0.26506024096385544
1 0.2366083445491252 0.6746987951807228 0.08193808882907133 0.25301204819277107
3 0.8078465679676985 0.6340361445783133 0.0649528936742934 0.21385542168674698
3 0.18884253028263795 0.6054216867469879 0.0806056527590848 0.22289156626506024
0 0.865706594885599 0.5632530120481928 0.08111709286675639 0.20481927710843373
0 0.1316419919246299 0.5572289156626506 0.08467025572005384 0.21686746987951808
2 0.8939703903095559 0.45180722891566266 0.059596231493943476 0.12650602409638553
2 0.0858950201884253 0.4457831325301205 0.07930013458950202 0.1746987951807229