5 0.39001941747572816 0.9509192825112108 0.08809708737864078 0.09816143497757848
5 0.29295145631067965 0.9434529147982063 0.10106796116504854 0.11309417040358744
6 0.1980388349514563 0.8881390134529148 0.10110679611650486 0.11708520179372198
6 0.49139805825242716 0.9521748878923767 0.10099029126213592 0.09567264573991031
4 0.5852427184466019 0.9030941704035874 0.12036893203883496 0.13204035874439463
4 0.12145631067961164 0.7909865470852018 0.124873786407767 0.14699551569506727
1 0.698485436893204 0.7884977578475336 0.1181747572815534 0.1818609865470852
1 0.08910679611650485 0.63652466367713 0.13351456310679613 0.16192825112107623
3 0.7642718446601943 0.6701569506726457 0.13757281553398057 0.16441704035874438
3 0.06390291262135922 0.4795739910313901 0.12782524271844659 0.15197309417040358
0 0.8494757281553399 0.5244170403587444 0.18714563106796114 0.23668161434977578
0 0.06429126213592233 0.30394618834080717 0.1227378640776699 0.21923766816143497
2 0.9221747572815534 0.3300896860986547 0.1556504854368932 0.21174887892376681
2 0.06499029126213592 0.09840807174887893 0.12998058252427183 0.19183856502242153