5 0.5592909535452323 0.4158579881656805 0.13960880195599024 0.4437869822485207
5 0.42145476772616136 0.40597633136094674 0.13558679706601467 0.4437869822485207
6 0.3039853300733496 0.37967455621301777 0.09624694376528117 0.4174852071005918
6 0.6781295843520783 0.38461538461538464 0.09475550122249389 0.44050295857988164
4 0.21842298288508555 0.3829585798816568 0.074559902200489 0.4372189349112426
4 0.7650611246943766 0.3780473372781065 0.07910757946210269 0.4470710059171598
1 0.831601466992665 0.40106508875739644 0.054694376528117365 0.3418934911242604
1 0.15528117359413202 0.41254437869822486 0.048777506112469435 0.3254437869822485
3 0.8737041564792176 0.3928402366863905 0.038410757946210274 0.3057100591715976
3 0.11929095354523227 0.35502958579881655 0.05014669926650367 0.3944674556213018
0 0.9069804400977994 0.37310650887573965 0.0289119804400978 0.31230769230769234
0 0.07514669926650366 0.3500887573964497 0.04337408312958435 0.3583136094674556
2 0.9368581907090465 0.3500887573964497 0.028924205378973104 0.27940828402366863
2 0.0439119804400978 0.3369526627218935 0.027090464547677263 0.2728402366863905
5 0.5233129584352079 0.7642899408284023 0.08394865525672372 0.3188757396449704
5 0.43775061124694375 0.7544378698224852 0.08398533007334964 0.31230769230769234
6 0.6109046454767727 0.7494970414201184 0.08526894865525672 0.35502958579881655
6 0.35151589242053793 0.7462130177514793 0.08808068459657702 0.3484615384615385
4 0.2645965770171149 0.7166272189349112 0.08268948655256723 0.3024260355029586
4 0.6937530562347188 0.7462130177514793 0.07166259168704156 0.3352958579881657
1 0.7596332518337409 0.711715976331361 0.08997555012224938 0.31230769230769234
1 0.18787286063569683 0.696923076923077 0.07048899755501221 0.3418934911242604
3 0.8166625916870416 0.6706213017751479 0.04654034229828851 0.2103846153846154
3 0.13897310513447433 0.6640236686390533 0.051491442542787286 0.23011834319526628
0 0.8655501222493888 0.6476035502958579 0.051980440097799514 0.1840828402366864
0 0.08941320293398533 0.6541715976331361 0.055586797066014666 0.24325443786982248
2 0.9103667481662591 0.5966568047337277 0.035709046454767725 0.17423076923076924
2 0.045953545232273844 0.6015680473372781 0.03387530562347189 0.19065088757396448