5 0.39115864527629235 0.386 0.14237076648841354 0.3412727272727272
5 0.25613190730837787 0.3580363636363636 0.12459893048128343 0.37483636363636363
6 0.5220855614973262 0.3734181818181818 0.11901960784313725 0.3160727272727273
6 0.17181818181818181 0.3062909090909091 0.06294117647058824 0.3216727272727273
4 0.6406773618538325 0.3650181818181818 0.12033868092691623 0.3049090909090909
4 0.12040998217468805 0.26992727272727274 0.036916221033868095 0.2825090909090909
1 0.74349376114082 0.3412727272727272 0.08739750445632799 0.25734545454545454
1 0.09231729055258467 0.21538181818181817 0.01636363636363636 0.19021818181818181
0 0.850445632798574 0.2741090909090909 0.12376114081996437 0.25734545454545454
2 0.944331550802139 0.22796363636363637 0.06675579322638146 0.15945454545454546
5 0.3898039215686275 0.697890909090909 0.09028520499108734 0.2825090909090909
5 0.304795008912656 0.700690909090909 0.07934046345811051 0.3160727272727273
6 0.22459893048128343 0.6489454545454546 0.0752584670231729 0.20698181818181818
6 0.48850267379679146 0.6783272727272727 0.10121212121212121 0.2881090909090909
4 0.596114081996435 0.6349818181818182 0.11076648841354723 0.33007272727272724
4 0.15811051693404635 0.5888 0.060196078431372556 0.24894545454545453
1 0.7023707664884135 0.6125818181818182 0.10112299465240641 0.2797090909090909
1 0.11698752228163992 0.4965090909090909 0.04103386809269162 0.18181818181818182
0 0.8120320855614973 0.5132727272727273 0.11479500891265598 0.2209818181818182
2 0.9231016042780749 0.4097818181818182 0.10734402852049911 0.1930181818181818