5 0.5332166301969365 0.31969565217391305 0.11557986870897155 0.30691304347826087
5 0.4161050328227571 0.32608695652173914 0.11820568927789935 0.2941304347826087
6 0.3170240700218818 0.3184347826086956 0.08221006564551422 0.2378695652173913
6 0.6368271334792122 0.30817391304347824 0.08393873085339168 0.25830434782608697
4 0.7172647702407002 0.266 0.077527352297593 0.312
4 0.24816192560175054 0.28773913043478266 0.055207877461706786 0.2838695652173913
1 0.7796717724288841 0.26213043478260867 0.045382932166301966 0.24808695652173915
1 0.20183807439824944 0.28004347826086956 0.04234135667396061 0.23273913043478262
3 0.82472647702407 0.24039130434782607 0.04540481400437637 0.25065217391304345
3 0.1574398249452954 0.26852173913043476 0.041072210065645515 0.19947826086956522
0 0.8684682713347921 0.22252173913043477 0.04026258205689277 0.16369565217391305
0 0.12461706783369804 0.21995652173913044 0.021794310722100658 0.11765217391304347
5 0.5557330415754923 0.7736521739130434 0.07310722100656454 0.22760869565217393
5 0.4836761487964989 0.7749565217391304 0.07054704595185995 0.22504347826086957
6 0.4064551422319475 0.7813478260869565 0.08087527352297594 0.24808695652173915
6 0.6258862144420131 0.7583043478260869 0.06407002188183808 0.22252173913043477
4 0.3305251641137856 0.7915652173913044 0.07319474835886215 0.2787826086956522
4 0.6960175054704595 0.7391304347826086 0.07304157549234136 0.2608695652173913
1 0.7597155361050328 0.7403913043478261 0.04857768052516411 0.24295652173913043
1 0.2687527352297593 0.7608695652173914 0.06805251641137856 0.22760869565217393
3 0.7977024070021882 0.711 0.04796498905908097 0.2455217391304348
3 0.21792122538293218 0.6969130434782609 0.05908096280087528 0.2122608695652174
0 0.8337199124726477 0.6240434782608696 0.07299781181619255 0.19947826086956522
0 0.16708971553610502 0.6240434782608696 0.07582056892778993 0.23530434782608695
2 0.8697592997811816 0.4731304347826087 0.0549671772428884 0.1892608695652174
2 0.14586433260393872 0.4833913043478261 0.061663019693654265 0.1892608695652174