5 0.5545349867139061 0.28965137614678904 0.13385296722763507 0.38007339449541283
5 0.41727192205491587 0.29227522935779815 0.13769707705934456 0.3748440366972477
6 0.6753764393268379 0.29227522935779815 0.10529672276350753 0.364348623853211
6 0.29899025686448183 0.3066788990825688 0.09852967227635075 0.3302752293577982
4 0.7683613817537644 0.3381467889908257 0.0812931798051373 0.37222018348623853
4 0.20980513728963684 0.32765137614678896 0.08211691762621788 0.346
1 0.8341452612931798 0.3918715596330275 0.0737289636846767 0.32240366972477064
1 0.138325952170062 0.3669724770642202 0.060628875110717455 0.2883302752293578
3 0.877156775907883 0.4416697247706422 0.05350752878653676 0.24900917431192662
3 0.09594331266607617 0.38924770642201834 0.041674047829938 0.23328440366972478
0 0.9170062001771478 0.4416697247706422 0.044658990256864484 0.19658715596330276
0 0.05736049601417184 0.3918715596330275 0.0404251550044287 0.19135779816513762
2 0.9429406554472984 0.44429357798165137 0.0358193091231178 0.1546605504587156
2 0.03079716563330381 0.4115412844036697 0.022719220549158547 0.15726605504587154
5 0.5273427812223206 0.7824403669724771 0.0895837023914969 0.2962018348623853
5 0.4400531443755536 0.7798165137614679 0.08708591674047829 0.30144954128440365
6 0.6159167404782994 0.7955412844036697 0.08756421612046059 0.32240366972477064
6 0.3546589902568645 0.7863669724770642 0.0858547387068202 0.3040550458715596
4 0.6987688219663418 0.8034128440366973 0.07307351638618247 0.35910091743119266
4 0.26989371124889283 0.7929174311926606 0.08589016829052258 0.3381467889908257
1 0.764561558901683 0.8047155963302752 0.07369353410097432 0.3040550458715596
1 0.19462356067316208 0.7824403669724771 0.0795837023914969 0.2857064220183486
3 0.8208503100088574 0.8086422018348624 0.06163861824623561 0.2437798165137615
3 0.14528786536758193 0.7798165137614679 0.06695305580159433 0.2437798165137615
0 0.8702037201062888 0.8099633027522936 0.08006200177147918 0.21493577981651377
0 0.09720992028343667 0.7640917431192661 0.08468556244464127 0.19658715596330276
2 0.9138441098317095 0.7404954128440366 0.06869796279893711 0.15988990825688074
2 0.05925597874224978 0.6959449541284404 0.06952170062001771 0.17038532110091742