5 0.6002024291497976 0.3528428093645485 0.14139001349527663 0.42474916387959866
5 0.4585290148448043 0.34448160535117056 0.13874493927125506 0.4280936454849498
5 0.5050742240215924 0.8260869565217391 0.08881241565452092 0.3010033444816054
5 0.41738191632928473 0.8010033444816054 0.08614035087719298 0.27759197324414714
6 0.3337246963562753 0.33612040133779264 0.10506072874493927 0.36454849498327757
6 0.7162348178137652 0.34615384615384615 0.09008097165991903 0.35785953177257523
6 0.33035087719298245 0.782608695652174 0.08753036437246964 0.2608695652173913
6 0.5934547908232118 0.8361204013377926 0.09012145748987854 0.3076923076923077
4 0.6845344129554656 0.8277591973244147 0.08604588394062078 0.3377926421404682
4 0.251417004048583 0.7859531772575251 0.07271255060728746 0.31438127090301005
4 0.24197031039136305 0.2959866220735786 0.07811066126855601 0.3779264214046823
4 0.7992307692307693 0.3311036789297659 0.07321187584345479 0.34782608695652173
1 0.7627935222672065 0.8260869565217391 0.06982456140350878 0.34782608695652173
1 0.1866531713900135 0.7876254180602007 0.056545209176788125 0.30434782608695654
3 0.8140620782726046 0.7842809364548495 0.05630229419703104 0.2709030100334448
3 0.1522537112010796 0.7207357859531772 0.0498110661268556 0.22408026755852842
1 0.846450742240216 0.34782608695652173 0.03815114709851552 0.26755852842809363
1 0.18192982456140352 0.30267558528428096 0.03900134952766531 0.30434782608695654
3 0.8822132253711201 0.33277591973244147 0.03411605937921727 0.24414715719063546
3 0.14887989203778676 0.3076923076923077 0.02688259109311741 0.2809364548494983
0 0.117165991902834 0.29431438127090304 0.036329284750337386 0.22073578595317725
0 0.8397031039136302 0.68561872909699 0.05630229419703104 0.2608695652173913