5 0.5810748299319728 0.08443465491923642 0.14012244897959183 0.1590748898678414
5 0.43258503401360543 0.09299559471365638 0.14244897959183675 0.16641703377386197
6 0.6842585034013605 0.15418502202643172 0.1251700680272109 0.15173274596182085
6 0.32829931972789117 0.157856093979442 0.14248979591836736 0.1395007342143906
4 0.7681496598639456 0.24350954478707784 0.13880272108843536 0.1443906020558003
4 0.2602857142857143 0.2520851688693098 0.13797278911564625 0.14195301027900148
1 0.7806122448979592 0.3756681350954479 0.15921088435374148 0.13461086637298092
1 0.23760544217687074 0.3866813509544787 0.1606530612244898 0.12726872246696036
3 0.820299319727891 0.5004845814977973 0.1705578231292517 0.13461086637298092
3 0.18885714285714286 0.5041556534508076 0.15840816326530613 0.13704845814977973
0 0.8554421768707483 0.6571218795888399 0.20911564625850337 0.21781204111600588
0 0.14578231292517008 0.6448898678414097 0.20376870748299322 0.21292217327459617
2 0.8917142857142857 0.8308810572687225 0.20006802721088437 0.21781204111600588
2 0.10044897959183673 0.8161967694566814 0.16751020408163267 0.21292217327459617