5 0.5720342205323193 0.3587012987012987 0.14636882129277565 0.4267099567099567
5 0.4267680608365019 0.3725974025974026 0.14098859315589354 0.44216450216450215
6 0.306615969581749 0.4004329004329004 0.09621673003802281 0.3308658008658009
6 0.6949429657794677 0.35251082251082255 0.0994296577946768 0.3154112554112554
4 0.7804752851711027 0.38497835497835503 0.08045627376425855 0.3803463203463203
4 0.22583650190114068 0.3958008658008658 0.06231939163498099 0.37722943722943725
1 0.8408745247148289 0.4143290043290043 0.0438212927756654 0.2844588744588744
1 0.183745247148289 0.43445887445887443 0.024315589353612166 0.23809523809523808
3 0.8761787072243347 0.47619047619047616 0.04112167300380228 0.22264069264069264
3 0.1620152091254753 0.43134199134199136 0.02703422053231939 0.21952380952380954
0 0.9250570342205323 0.42982683982683983 0.05743346007604563 0.2597402597402597
0 0.14096958174904944 0.401991341991342 0.031121673003802284 0.21645021645021645
2 0.1138212927756654 0.34476190476190477 0.022984790874524715 0.17623376623376624
5 0.549638783269962 0.7112121212121212 0.09070342205323194 0.30922077922077923
5 0.4627566539923954 0.7127272727272727 0.0853041825095057 0.3246753246753247
6 0.3738212927756654 0.6957142857142857 0.0894106463878327 0.2968398268398268
6 0.6460456273764258 0.7080952380952381 0.09610266159695817 0.3154112554112554
4 0.7397148288973383 0.7436796536796536 0.09062737642585551 0.39268398268398264
4 0.28216730038022814 0.715844155844156 0.09079847908745246 0.3555844155844156
1 0.8177946768060836 0.7483116883116884 0.06553231939163498 0.3154112554112554
1 0.2217680608365019 0.6957142857142857 0.06503802281368821 0.24735930735930736
3 0.8660076045627376 0.7374891774891775 0.05876425855513308 0.269004329004329
3 0.18102661596958175 0.6663636363636364 0.03517110266159696 0.1700865800865801
0 0.9155513307984791 0.7019047619047618 0.06285171102661598 0.2535497835497835
0 0.14980988593155892 0.6400865800865801 0.048764258555133076 0.17316017316017315
2 0.12467680608365019 0.572034632034632 0.047414448669201525 0.14225108225108224