5 0.5609838274932615 0.38581314878892736 0.12101078167115904 0.38408304498269896
5 0.43567385444743933 0.3944636678200692 0.1264420485175202 0.3944636678200692
6 0.6701482479784366 0.3754325259515571 0.09192722371967654 0.38408304498269896
6 0.32451482479784366 0.39965397923875434 0.09549865229110512 0.370242214532872
4 0.7584097035040431 0.34256055363321797 0.08253369272237197 0.4290657439446367
4 0.23423180592991916 0.3754325259515571 0.08743935309973046 0.40484429065743943
1 0.8291509433962264 0.34256055363321797 0.05695417789757412 0.3391003460207612
1 0.15809973045822104 0.3892733564013841 0.06456873315363881 0.3356401384083045
3 0.8830458221024259 0.3477508650519031 0.04889487870619946 0.328719723183391
3 0.10824797843665768 0.39965397923875434 0.05110512129380054 0.29411764705882354
0 0.9295283018867925 0.35121107266435986 0.042169811320754716 0.28027681660899656
0 0.061765498652291105 0.39792387543252594 0.04977088948787062 0.2422145328719723
2 0.9558086253369272 0.34429065743944637 0.024663072776280326 0.21107266435986158
2 0.030094339622641506 0.3737024221453287 0.0295822102425876 0.2491349480968858
5 0.5535983827493262 0.6799307958477508 0.07706199460916442 0.3217993079584775
5 0.47138814016172503 0.6903114186851211 0.0792722371967655 0.3356401384083045
6 0.6357816711590296 0.6868512110726643 0.0845956873315364 0.3079584775086505
6 0.385822102425876 0.7024221453287197 0.08334231805929919 0.32525951557093424
4 0.723355795148248 0.6764705882352942 0.0818733153638814 0.356401384083045
4 0.2995822102425876 0.6955017301038062 0.08876010781671159 0.31833910034602075
1 0.8028706199460917 0.6418685121107266 0.07176549865229111 0.29411764705882354
1 0.2234501347708895 0.6816608996539792 0.06588948787061995 0.2698961937716263
3 0.852722371967655 0.6522491349480969 0.0529245283018868 0.2664359861591695
3 0.16214285714285714 0.6643598615916955 0.05646900269541779 0.23529411764705882
0 0.898544474393531 0.610726643598616 0.05024258760107817 0.22491349480968859
0 0.10824797843665768 0.6366782006920415 0.06188679245283019 0.20069204152249134
2 0.9288544474393532 0.5813148788927336 0.024663072776280326 0.17993079584775087
2 0.059743935309973045 0.6245674740484429 0.03226415094339623 0.1903114186851211