5 0.5373428571428571 0.33568904593639576 0.1257 0.3758303886925795
5 0.4068428571428572 0.3372791519434629 0.13744285714285714 0.37904593639575973
6 0.6412428571428571 0.33247349823321554 0.08208571428571429 0.3437102473498233
6 0.29778571428571426 0.30837455830388694 0.08034285714285715 0.3276678445229682
4 0.7288857142857144 0.30837455830388694 0.09121428571428572 0.3662190812720848
4 0.2120857142857143 0.2666077738515901 0.08817142857142857 0.3469257950530036
1 0.7996571428571428 0.3132155477031802 0.06915714285714285 0.29876325088339223
1 0.14715714285714288 0.2698233215547703 0.05442857142857143 0.2826855123674912
3 0.8515857142857143 0.28911660777385156 0.061385714285714287 0.2826855123674912
3 0.10691428571428573 0.24413427561837456 0.04405714285714286 0.2634275618374558
0 0.8989857142857143 0.27946996466431095 0.05231428571428571 0.23127208480565373
0 0.07575714285714286 0.22968197879858657 0.028485714285714288 0.2087985865724382
2 0.9385857142857142 0.2553710247349823 0.027671428571428573 0.12526501766784454
5 0.5425428571428571 0.7918374558303887 0.07895714285714286 0.2730388692579505
5 0.4665857142857143 0.7934628975265018 0.07508571428571428 0.2698233215547703
6 0.6204571428571428 0.7870318021201413 0.07114285714285713 0.2826855123674912
6 0.3899714285714286 0.7950530035335689 0.07771428571428571 0.28590106007067134
4 0.6964142857142858 0.8191519434628975 0.075 0.3469257950530036
4 0.3153142857142857 0.8159363957597173 0.07125714285714287 0.3276678445229682
1 0.7730142857142858 0.7982685512367491 0.07757142857142857 0.29233215547703184
1 0.24389999999999998 0.7757950530035336 0.07647142857142858 0.2666077738515901
3 0.8321142857142857 0.7516961130742049 0.05618571428571428 0.23770318021201411
3 0.19519999999999998 0.7324028268551237 0.0648 0.23127208480565373
0 0.8892428571428572 0.6793992932862191 0.0718 0.24734982332155478
0 0.153 0.6376325088339222 0.07391428571428572 0.19593639575971733
2 0.914557142857143 0.5509187279151944 0.05934285714285714 0.2087985865724382
2 0.12184285714285716 0.5348409893992934 0.07391428571428572 0.18954063604240282