5 0.4789591078066915 0.33835087719298246 0.21347583643122675 0.4862105263157894
5 0.2712267657992565 0.3646666666666667 0.19895910780669146 0.44361403508771935
6 0.6522304832713754 0.33582456140350875 0.13039033457249072 0.37091228070175436
6 0.11791821561338289 0.37719298245614036 0.11007434944237918 0.3634035087719298
4 0.7670446096654275 0.3408421052631579 0.102546468401487 0.38596491228070173
4 0.04358736059479554 0.43108771929824563 0.07825278810408923 0.40101754385964916
1 0.8466914498141264 0.38596491228070173 0.05479553903345725 0.33084210526315794
3 0.8871747211895911 0.4223157894736842 0.04817843866171004 0.26817543859649123
0 0.9316356877323421 0.4298245614035088 0.05217472118959108 0.23308771929824565
5 0.46901486988847585 0.6666666666666666 0.12721189591078066 0.32080701754385965
5 0.34423791821561334 0.6779298245614035 0.11663568773234201 0.31329824561403513
6 0.23273234200743492 0.6954736842105264 0.10605947955390335 0.32831578947368417
6 0.5911524163568773 0.6591578947368422 0.10592936802973978 0.31077192982456137
4 0.7046654275092937 0.6741754385964912 0.1237732342007435 0.33084210526315794
4 0.1325278810408922 0.7431228070175439 0.09148698884758365 0.3684210526315789
1 0.7955762081784387 0.6654035087719298 0.08529739776951673 0.26817543859649123
1 0.05288104089219331 0.7568771929824561 0.06232342007434945 0.24561403508771928
3 0.8533271375464684 0.6591578947368422 0.06275092936802974 0.20049122807017544
3 0.018364312267657994 0.7531228070175439 0.027825278810408922 0.20803508771929824
0 0.9110594795539033 0.6516140350877193 0.0800371747211896 0.19049122807017543