5 0.5971995043370508 0.3393181818181818 0.1662825278810409 0.527159090909091
5 0.43063197026022304 0.33775568181818183 0.16359355638166048 0.5555681818181818
5 0.5662329615861215 0.7496875 0.09884758364312267 0.2809375
5 0.4684882280049566 0.7544318181818181 0.09612143742255265 0.2777840909090909
6 0.2867781908302354 0.36301136363636366 0.12648079306071872 0.47349431818181814
6 0.745179677819083 0.3661647727272727 0.12630731102850062 0.47349431818181814
6 0.3700619578686493 0.7465340909090908 0.10029739776951672 0.28724431818181817
6 0.6632837670384139 0.7433806818181818 0.08916976456009912 0.29355113636363633
4 0.1849194547707559 0.38193181818181815 0.07971499380421314 0.4166761363636363
4 0.2682032218091698 0.7465340909090908 0.10032218091697645 0.36301136363636366
4 0.8484386617100372 0.3519602272727273 0.08221809169764559 0.5145170454545455
4 0.7575836431226766 0.7654545454545455 0.10152416356877324 0.3251136363636364
1 0.1284758364312268 0.3693181818181818 0.05495662949194548 0.3472159090909091
1 0.9042007434944238 0.35826704545454546 0.0595910780669145 0.46400568181818186
3 0.07892193308550186 0.33301136363636363 0.07148698884758364 0.38826704545454543
3 0.9296654275092937 0.39931818181818185 0.033444857496902104 0.27463068181818184
0 0.027298636926889715 0.29829545454545453 0.03434944237918215 0.23673295454545454
0 0.955824039653036 0.37877840909090915 0.04722428748451053 0.26514204545454545
1 0.19318463444857498 0.721278409090909 0.07144981412639405 0.26198863636363634
1 0.8353531598513011 0.7338920454545454 0.05607187112763321 0.24306818181818182
3 0.14363073110285005 0.659715909090909 0.0632094175960347 0.23988636363636362
3 0.8807806691449813 0.6897159090909091 0.05329615861214374 0.19886363636363635
0 0.09543990086741015 0.6123863636363637 0.0687360594795539 0.16414772727272728
0 0.9303469640644362 0.6171022727272727 0.05052044609665428 0.17991477272727271
2 0.04657992565055762 0.5413636363636364 0.037087980173482034 0.1230965909090909