5 0.565143246930423 0.35 0.1497680763983629 0.524
5 0.41510231923601637 0.348 0.1498226466575716 0.52
5 0.5269577080491132 0.776 0.08703956343792632 0.328
5 0.4382946793997271 0.77 0.08708049113233288 0.316
6 0.6817735334242838 0.336 0.08016371077762618 0.424
6 0.2957571623465211 0.322 0.08848567530695771 0.436
6 0.34826739427012277 0.712 0.08710777626193725 0.336
6 0.6183492496589359 0.73 0.09518417462482946 0.356
4 0.20709413369713509 0.368 0.08306957708049113 0.456
4 0.2609822646657572 0.72 0.08440654843110504 0.368
4 0.707680763983629 0.726 0.08287858117326058 0.396
4 0.7649795361527968 0.384 0.08285129604365621 0.44
1 0.8352387448840383 0.424 0.060395634379263305 0.416
1 0.14844474761255116 0.41 0.05854024556616644 0.38
3 0.888431105047749 0.428 0.04949522510231924 0.352
3 0.09798090040927694 0.414 0.042196452933151433 0.324
1 0.1825511596180082 0.74 0.07216916780354707 0.288
1 0.7874761255115962 0.762 0.0760300136425648 0.3
3 0.854324693042292 0.758 0.0569031377899045 0.244
3 0.1293587994542974 0.716 0.06128240109140519 0.24
0 0.9348021828103684 0.402 0.04406548431105047 0.332
0 0.05433833560709413 0.386 0.03948158253751705 0.3
0 0.9075170532060027 0.718 0.07053206002728514 0.228
0 0.08092769440654843 0.68 0.0653888130968622 0.2
2 0.966862210095498 0.382 0.020886766712141885 0.228
2 0.04615279672578444 0.62 0.050395634379263296 0.152
2 0.9593451568894953 0.658 0.037776261937244204 0.188