5 0.6016216216216217 0.35516129032258065 0.16212530712530712 0.43662756598240465
5 0.4398894348894349 0.3698240469208211 0.1608230958230958 0.4333724340175953
6 0.7347051597051596 0.3519061583577713 0.10678132678132678 0.37146627565982404
6 0.3088820638820639 0.35841642228739 0.09808353808353809 0.37146627565982404
4 0.822039312039312 0.3095601173020528 0.06587223587223587 0.4040469208211144
4 0.21335380835380835 0.30302052785923755 0.08993857493857493 0.3909970674486804
1 0.8595700245700246 0.36167155425219943 0.045417690417690414 0.24111436950146628
1 0.1464864864864865 0.37633431085043995 0.06539312039312038 0.2378592375366569
3 0.9032432432432432 0.28835777126099704 0.042702702702702704 0.22483870967741937
3 0.08165847665847666 0.3339882697947214 0.05585995085995086 0.2378592375366569
0 0.030479115479115478 0.3062756598240469 0.04632678132678133 0.1629325513196481
5 0.5777518427518428 0.7429032258064516 0.10398034398034398 0.3844868035190616
5 0.4685626535626536 0.7461583577712609 0.11167076167076168 0.3909970674486804
6 0.36415233415233417 0.7087096774193548 0.09943488943488943 0.36167155425219943
6 0.6773832923832923 0.71683284457478 0.09038083538083537 0.35841642228739
4 0.7613144963144963 0.7135777126099707 0.07266584766584766 0.4040469208211144
4 0.27203931203931203 0.7103225806451613 0.09536855036855037 0.41055718475073316
1 0.8213636363636364 0.6109384164222874 0.05085995085995086 0.19225806451612903
1 0.19356265356265356 0.6256011730205279 0.07492628992628993 0.24762463343108504
0 0.8773218673218673 0.550674486803519 0.06180589680589681 0.1629325513196481
0 0.1266953316953317 0.5865102639296188 0.10224815724815725 0.20853372434017595
2 0.9237223587223586 0.4431378299120235 0.06454545454545454 0.15639296187683285
2 0.04958230958230958 0.5082991202346041 0.07635135135135135 0.1824633431085044