5 0.5749258160237388 0.3580707395498392 0.13728486646884272 0.4004823151125402
5 0.4367062314540059 0.34932475884244374 0.13867952522255192 0.4121543408360129
6 0.6956379821958457 0.3332475884244373 0.1014540059347181 0.4033762057877814
6 0.3160089020771513 0.33762057877813506 0.10231454005934718 0.3887781350482315
4 0.7853264094955489 0.3288424437299035 0.08126112759643918 0.4121543408360129
4 0.22970326409495548 0.30691318327974276 0.06998516320474778 0.39755627009646305
1 0.8520623145400593 0.2981672025723473 0.05026706231454006 0.34491961414790995
1 0.16295252225519288 0.3054662379421222 0.06056379821958457 0.32446945337620575
3 0.8985905044510385 0.26893890675241156 0.04084569732937686 0.3156913183279743
3 0.11440652818991098 0.29231511254019293 0.05789317507418398 0.3156913183279743
0 0.935 0.22215434083601288 0.027373887240356082 0.22215434083601288
0 0.06652818991097924 0.2455305466237942 0.05385756676557863 0.28061093247588426
5 0.5540207715133532 0.7117684887459808 0.09548961424332345 0.31861736334405144
5 0.45827893175074186 0.7161736334405144 0.09281899109792285 0.32739549839228294
6 0.6477744807121663 0.6840192926045016 0.09200296735905045 0.33906752411575564
6 0.3679228486646884 0.6927652733118971 0.08746290801186944 0.3332475884244373
4 0.7381157270029673 0.665016077170418 0.0866320474777448 0.3770739549839228
4 0.2768991097922849 0.6679421221864952 0.09694362017804155 0.3712218649517685
1 0.8062166172106825 0.622636655948553 0.05565281899109792 0.26893890675241156
1 0.20543026706231454 0.6255627009646303 0.06729970326409496 0.2747588424437299
3 0.8601632047477745 0.5817041800643087 0.05026706231454006 0.22215434083601288
3 0.1508160237388724 0.5846302250803859 0.06596439169139466 0.2747588424437299
0 0.899940652818991 0.5159163987138263 0.030059347181008906 0.18414790996784566
0 0.08608308605341247 0.5363987138263665 0.06329376854599406 0.2367845659163987