5 0.5254477611940299 0.34472118959107806 0.14083582089552238 0.47988847583643124
5 0.3972537313432836 0.3734200743494424 0.11238805970149253 0.422453531598513
6 0.6428208955223881 0.37513011152416353 0.09391044776119403 0.39200743494423795
6 0.2961940298507463 0.39200743494423795 0.08937313432835821 0.40553903345724907
5 0.5227462686567165 0.7147583643122677 0.08385074626865671 0.253457249070632
5 0.446089552238806 0.6927881040892194 0.07438805970149254 0.21628252788104088
6 0.3667313432835821 0.7029368029739778 0.0812089552238806 0.23657992565055763
6 0.596 0.6927881040892194 0.06211940298507462 0.22304832713754646
4 0.7364029850746269 0.38189591078066915 0.09326865671641792 0.4596282527881041
4 0.21343283582089553 0.38018587360594797 0.07583582089552239 0.44271375464684015
4 0.2826268656716418 0.7384386617100371 0.08123880597014925 0.2804832713754647
4 0.6753582089552239 0.6944981412639405 0.09599999999999999 0.32780669144981417
1 0.8130597014925374 0.422453531598513 0.06005970149253732 0.39200743494423795
1 0.16053731343283584 0.40892193308550184 0.048716417910447764 0.3379553903345725
1 0.2086865671641791 0.7097026022304832 0.06362686567164179 0.21628252788104088
1 0.7703134328358209 0.7502602230483271 0.09325373134328357 0.26360594795539033
3 0.8625820895522387 0.4494795539033457 0.045149253731343285 0.3109293680297398
3 0.11916417910447762 0.3937174721189591 0.03382089552238806 0.28724907063197025
3 0.1551044776119403 0.6623791821561339 0.04329850746268657 0.1554646840148699
3 0.8381492537313432 0.7113754646840149 0.0416865671641791 0.17910780669144982
0 0.9114179104477612 0.43089219330855016 0.05331343283582089 0.2804832713754647
0 0.8958059701492538 0.6725278810408922 0.07014925373134329 0.18925650557620816
0 0.1198358208955224 0.6201486988847583 0.046029850746268655 0.14531598513011154
2 0.9582238805970149 0.44271375464684015 0.041119402985074625 0.22981412639405205