5 0.5686738836265224 0.3765625 0.13502029769959406 0.434375
5 0.42797023004059537 0.3796875 0.1458998646820027 0.440625
6 0.6850473612990527 0.415625 0.09502029769959404 0.325
6 0.31027063599458726 0.4015625 0.09182679296346415 0.328125
4 0.7702841677943166 0.3875 0.07610284167794316 0.41875
4 0.22232746955345062 0.4 0.08104194857916103 0.35625
1 0.8318403247631936 0.3828125 0.04771312584573748 0.278125
1 0.15535859269282815 0.3640625 0.05265223274695534 0.296875
3 0.8703924221921516 0.3546875 0.027442489851150203 0.196875
3 0.11071718538565628 0.353125 0.039133964817320704 0.21875
0 0.9001623815967524 0.275 0.03016238159675237 0.175
0 0.07622462787550743 0.2984375 0.029675236806495264 0.171875
2 0.04374830852503383 0.24375 0.03239512855209743 0.13125
5 0.5395940460081191 0.7328125 0.09039242219215156 0.353125
5 0.4442083897158322 0.728125 0.09447902571041948 0.35
6 0.3522056833558863 0.7078125 0.08910690121786197 0.359375
6 0.6322733423545331 0.7171875 0.08899864682002706 0.353125
4 0.7202029769959405 0.6859375 0.08626522327469553 0.365625
4 0.26765899864682 0.6734375 0.08778078484438431 0.346875
1 0.7824627875507443 0.6328125 0.07341001353179973 0.259375
1 0.18715832205683355 0.6375 0.07023004059539918 0.28125
3 0.843342354533153 0.5828125 0.04637347767253045 0.128125
3 0.13169147496617048 0.590625 0.07294993234100135 0.19375
0 0.8859539918809202 0.51875 0.047740189445196216 0.1375
0 0.08906630581867388 0.521875 0.06349120433017591 0.16875
2 0.9204465493910691 0.409375 0.043694181326116376 0.175
2 0.05119079837618403 0.41875 0.04998646820027063 0.16875