5 0.5477969018932874 0.28010869565217394 0.16521514629948364 0.448731884057971
5 0.3889500860585198 0.28847826086956524 0.1546815834767642 0.42083333333333334
6 0.26452667814113595 0.3372463768115942 0.09118760757314974 0.3734782608695652
6 0.6795352839931154 0.31913043478260866 0.09561101549053355 0.3873913043478261
4 0.7582960413080895 0.3455797101449275 0.06519793459552496 0.36231884057971014
4 0.18641996557659207 0.3720652173913043 0.06738382099827883 0.42641304347826087
1 0.8059380378657487 0.4542753623188406 0.07051635111876076 0.3065942028985507
1 0.14671256454388984 0.45568840579710146 0.035628227194492254 0.2926449275362319
3 0.8615490533562823 0.47101449275362317 0.046695352839931155 0.25083333333333335
3 0.112960413080895 0.473804347826087 0.03166953528399311 0.25083333333333335
0 0.8959552495697073 0.473804347826087 0.025542168674698794 0.18394927536231886
5 0.5517728055077452 0.7106884057971015 0.10432013769363167 0.4125
5 0.4498450946643718 0.6897826086956521 0.10435456110154906 0.3873913043478261
6 0.34924268502581757 0.6716666666666666 0.10173838209982788 0.3455797101449275
6 0.6556798623063683 0.7121014492753623 0.10030981067125645 0.37626811594202897
4 0.2618760757314974 0.6744565217391305 0.07795180722891566 0.3288768115942029
4 0.7503442340791738 0.7302173913043478 0.09166953528399312 0.4125
1 0.8039586919104992 0.7065217391304348 0.04800344234079174 0.19789855072463766
1 0.21223752151462996 0.6563405797101449 0.07929432013769364 0.25920289855072465
3 0.8456626506024096 0.7009420289855073 0.05199655765920826 0.23688405797101447
3 0.15864027538726333 0.6884057971014492 0.035628227194492254 0.18394927536231886
0 0.9098623063683304 0.6995652173913044 0.07187607573149742 0.2341304347826087
0 0.12421686746987952 0.7065217391304348 0.03299483648881239 0.14771739130434783