5 0.5857088122605364 0.43 0.14016602809706258 0.5098972602739725
5 0.4445338441890166 0.4490068493150685 0.14448275862068966 0.5022945205479452
5 0.5651340996168582 0.8371232876712329 0.0933588761174968 0.31202054794520545
5 0.4743422733077906 0.8466438356164383 0.09056194125159642 0.293013698630137
6 0.3182758620689655 0.4261643835616438 0.11048531289910601 0.47184931506849315
6 0.3785696040868455 0.8161986301369863 0.09768837803320561 0.30061643835616436
6 0.6594891443167306 0.8161986301369863 0.09190293742017878 0.32342465753424654
6 0.7112771392081736 0.42047945205479453 0.10749680715197957 0.46804794520547943
4 0.8098850574712644 0.3824315068493151 0.08616858237547892 0.4832534246575343
4 0.218250319284802 0.42428082191780825 0.0863984674329502 0.45280821917808217
4 0.2813920817369093 0.7686301369863013 0.0934610472541507 0.3044178082191781
4 0.7538314176245211 0.7686301369863013 0.09328224776500639 0.2968150684931507
1 0.8836653895274584 0.3653082191780822 0.061404853128991056 0.380513698630137
1 0.13879948914431675 0.39003424657534247 0.07223499361430397 0.40715753424657536
1 0.1905874840357599 0.6963356164383562 0.08499361430395913 0.23592465753424657
1 0.8410983397190295 0.6944520547945205 0.07765006385696041 0.2777739726027397
3 0.928352490421456 0.3481849315068493 0.036475095785440614 0.3310616438356164
3 0.08134099616858237 0.3595890410958904 0.04246487867177522 0.3691095890410959