5 0.5643530997304582 0.3892733564013841 0.1304312668463612 0.40484429065743943
5 0.4376954177897574 0.39100346020761245 0.1250943396226415 0.3944636678200692
5 0.552911051212938 0.7197231833910035 0.08327493261455525 0.2629757785467128
5 0.4734097035040431 0.7145328719723183 0.07522911051212938 0.24567474048442905
6 0.3278840970350404 0.4031141868512111 0.091455525606469 0.3771626297577855
6 0.674177897574124 0.3788927335640138 0.08862533692722373 0.3771626297577855
6 0.3912129380053908 0.7283737024221453 0.08334231805929919 0.2664359861591695
6 0.639811320754717 0.7024221453287197 0.0845956873315364 0.2698961937716263
4 0.7624393530997304 0.356401384083045 0.08454177897574124 0.4083044982698962
4 0.23625336927223722 0.3788927335640138 0.09148247978436658 0.4186851211072664
4 0.3063207547169811 0.6937716262975778 0.08606469002695417 0.30103806228373703
4 0.7247035040431267 0.6885813148788927 0.0818733153638814 0.33217993079584773
1 0.8338679245283019 0.34256055363321797 0.06101078167115903 0.3737024221453287
1 0.16079514824797844 0.39100346020761245 0.056482479784366574 0.35294117647058826
1 0.22547169811320755 0.7110726643598616 0.07262803234501347 0.23875432525951557
1 0.8042048517520216 0.6591695501730104 0.0737466307277628 0.29411764705882354
3 0.887088948787062 0.3477508650519031 0.04889487870619946 0.328719723183391
3 0.10892183288409703 0.39965397923875434 0.04706199460916442 0.30103806228373703
3 0.16214285714285714 0.6782006920415224 0.05378706199460916 0.21453287197231835
3 0.8628167115902965 0.6470588235294118 0.05351752021563343 0.2422145328719723
0 0.9335714285714286 0.356401384083045 0.04218328840970351 0.2975778546712803
0 0.062439353099730456 0.3961937716262976 0.04304582210242588 0.2664359861591695
0 0.10622641509433961 0.6487889273356401 0.05514824797843666 0.1903114186851211
0 0.9045956873315364 0.6245674740484429 0.042722371967654986 0.21107266435986158
2 0.02807277628032345 0.3754325259515571 0.02553908355795148 0.25259515570934254
2 0.06378706199460916 0.6314878892733564 0.029568733153638817 0.1903114186851211
2 0.9335714285714286 0.5986159169550173 0.022493261455525607 0.17301038062283736
2 0.9632210242587601 0.34429065743944637 0.01793800539083558 0.2179930795847751