5 0.5330415754923413 0.31521739130434784 0.1187089715536105 0.30434782608695654
5 0.41612691466083146 0.32608695652173914 0.11190371991247265 0.29891304347826086
6 0.635601750547046 0.30165217391304344 0.08643326039387308 0.27717391304347827
6 0.3176805251641138 0.31930434782608696 0.08185995623632385 0.24182608695652172
4 0.7196936542669584 0.2758260869565217 0.08236323851203502 0.3070434782608696
4 0.24726477024070023 0.28395652173913044 0.05864332603938731 0.27991304347826085
1 0.7826039387308533 0.2540869565217391 0.044113785557986875 0.25273913043478263
1 0.2000875273522976 0.2853478260869565 0.03816192560175055 0.23369565217391305
3 0.8284026258205689 0.25273913043478263 0.0474835886214442 0.2391304347826087
3 0.15702407002188185 0.2717391304347826 0.04774617067833698 0.20652173913043478
0 0.8714660831509846 0.22556521739130436 0.03789934354485777 0.16304347826086957
5 0.555601750547046 0.7799130434782608 0.07630196936542669 0.2391304347826087
5 0.4810722100656455 0.7744782608695652 0.06949671772428884 0.23369565217391305
6 0.40518599562363233 0.7799130434782608 0.07910284463894966 0.2391304347826087
6 0.6280743982494529 0.7649565217391304 0.06807439824945295 0.23095652173913042
4 0.32794310722100656 0.7934782608695652 0.07229759299781181 0.29347826086956524
4 0.6957549234135667 0.7459130434782609 0.06667396061269146 0.2798695652173913
1 0.2636761487964989 0.7663043478260869 0.05864332603938731 0.24456521739130435
1 0.7586652078774616 0.7432173913043478 0.05571115973741794 0.24182608695652172
3 0.21649890590809628 0.6956521739130435 0.05728665207877462 0.22282608695652173
3 0.8017286652078774 0.7092608695652174 0.043391684901531724 0.23369565217391305
0 0.16796498905908097 0.6223043478260869 0.06415754923413566 0.22282608695652173
0 0.8393216630196937 0.6386086956521739 0.0611597374179431 0.22826086956521738
2 0.13855579868708973 0.4796086956521739 0.06824945295404815 0.1766521739130435
2 0.8632603938730853 0.463304347826087 0.06798687089715535 0.14404347826086958