5 0.57115562403698 0.4189019607843137 0.12716486902927582 0.3672156862745098
5 0.4346070878274268 0.4242352941176471 0.1314175654853621 0.342235294117647
5 0.5375500770416025 0.7254901960784313 0.07956856702619415 0.25313725490196076
5 0.45562403697996917 0.7308235294117648 0.08659476117103236 0.2638039215686274
6 0.3281818181818182 0.3743137254901961 0.08383667180277349 0.2923529411764706
6 0.6804006163328197 0.39572549019607844 0.08790446841294298 0.3137254901960784
6 0.36389830508474574 0.6649019607843137 0.09363636363636364 0.2887843137254902
6 0.6222804314329738 0.6738039215686275 0.08653312788906009 0.2424313725490196
4 0.2462557781201849 0.37788235294117645 0.0796764252696456 0.34937254901960785
4 0.2840677966101695 0.6649019607843137 0.06845916795069337 0.33156862745098037
4 0.7021109399075501 0.689843137254902 0.07530046224961479 0.27450980392156865
4 0.760231124807396 0.3832549019607843 0.06827426810477659 0.3743137254901961
1 0.821864406779661 0.38501960784313727 0.052187981510015406 0.29945098039215684
1 0.17693374422187982 0.38501960784313727 0.058690292758089374 0.30658823529411766
1 0.21053929121725729 0.639921568627451 0.07268104776579352 0.2887843137254902
1 0.7714329738058552 0.6506274509803921 0.05707241910631741 0.246
3 0.8176579352850539 0.6149803921568627 0.037442218798151 0.1675686274509804
3 0.1447149460708783 0.6167450980392157 0.05870570107858244 0.22815686274509803
3 0.13491525423728815 0.4028627450980392 0.027904468412942987 0.18537254901960787
3 0.8652850539291218 0.40105882352941175 0.035408320493066255 0.22458823529411767
0 0.9044992295839753 0.3761176470588235 0.04101694915254237 0.18894117647058822
0 0.08939907550077042 0.3885882352941177 0.06012326656394453 0.1996470588235294
2 0.9359938366718028 0.342235294117647 0.027596302003081663 0.13549019607843135
0 0.8659630200308166 0.5971372549019608 0.055624036979969184 0.1604313725490196
0 0.09850539291217257 0.6007058823529412 0.053112480739599385 0.18180392156862746
2 0.9107858243451464 0.5454509803921569 0.03600924499229584 0.1283529411764706
2 0.052280431432973805 0.5597254901960784 0.041941448382126344 0.13549019607843135