5 0.5591216216216216 0.2719298245614035 0.14159459459459459 0.4245614035087719
5 0.4179324324324324 0.28596491228070176 0.13759459459459458 0.41754385964912283
6 0.2990405405405405 0.3175438596491228 0.0917027027027027 0.3473684210526316
6 0.6807432432432432 0.27017543859649124 0.10164864864864864 0.38596491228070173
4 0.7597837837837838 0.32105263157894737 0.05978378378378379 0.2982456140350877
4 0.2125675675675676 0.3263157894736842 0.08363513513513514 0.41403508771929826
1 0.8253108108108108 0.32105263157894737 0.06927027027027027 0.3473684210526316
1 0.14501351351351352 0.3298245614035088 0.053932432432432426 0.37894736842105264
3 0.8766486486486487 0.30701754385964913 0.036864864864864864 0.34035087719298246
3 0.09908108108108107 0.3473684210526316 0.03774324324324324 0.29473684210526313
0 0.9212432432432432 0.3456140350877193 0.055797297297297294 0.24210526315789474
0 0.06598648648648649 0.3175438596491228 0.0282972972972973 0.2
5 0.5287297297297298 0.7087719298245614 0.10243243243243243 0.38596491228070173
5 0.4348243243243243 0.7105263157894737 0.08760810810810811 0.3894736842105263
6 0.347 0.7105263157894737 0.08493243243243244 0.37543859649122807
6 0.6246621621621622 0.7052631578947368 0.08617567567567568 0.37894736842105264
4 0.2706756756756757 0.6894736842105263 0.0727972972972973 0.3824561403508772
4 0.7125 0.6754385964912281 0.08679729729729731 0.3894736842105263
1 0.7969324324324325 0.6701754385964912 0.08547297297297297 0.4
1 0.20177027027027028 0.6508771929824562 0.07552702702702703 0.22807017543859648
3 0.8388243243243243 0.6298245614035087 0.06656756756756757 0.256140350877193
0 0.13758108108108108 0.6473684210526316 0.0715 0.22105263157894736
0 0.8874594594594595 0.6 0.05308108108108108 0.23157894736842105
2 0.08759459459459458 0.5964912280701754 0.049905405405405404 0.1824561403508772