5 0.5833333333333334 0.4297945205479452 0.14148148148148149 0.4897260273972603
5 0.4415964240102171 0.4486301369863014 0.13642401021711364 0.4863013698630137
6 0.7104086845466155 0.4212328767123288 0.10756066411238825 0.4657534246575342
6 0.3183780332056194 0.4246575342465753 0.10710089399744573 0.4794520547945205
4 0.8068071519795658 0.3904109589041096 0.08845466155810984 0.5
4 0.22005108556832695 0.4246575342465753 0.08925925925925926 0.4657534246575342
1 0.8789527458492976 0.3613013698630137 0.05655172413793104 0.386986301369863
1 0.13897828863346104 0.3835616438356164 0.07269476372924649 0.410958904109589
3 0.9268326947637293 0.3441780821917808 0.03997445721583653 0.3321917808219178
3 0.07768837803320562 0.3441780821917808 0.04717752234993614 0.3664383561643836
5 0.5648148148148148 0.8167808219178082 0.09168582375478929 0.3458904109589041
5 0.47224776500638566 0.8184931506849316 0.09044699872286079 0.3424657534246575
6 0.37775223499361427 0.7876712328767124 0.1006896551724138 0.3356164383561644
6 0.66058748403576 0.7996575342465754 0.09164750957854406 0.3458904109589041
4 0.7531800766283525 0.726027397260274 0.09353767560664111 0.3493150684931507
4 0.2813409961685824 0.7448630136986302 0.09178799489144317 0.3184931506849315
1 0.8406257982120051 0.6934931506849316 0.07881226053639846 0.2568493150684932
1 0.19132822477650063 0.6797945205479452 0.0905491698595147 0.24315068493150685
3 0.8980970625798212 0.6044520547945206 0.03793103448275862 0.1678082191780822