5 0.8045293315143247 0.3707165109034268 0.1428649386084584 0.5233644859813084
5 0.6456207366984993 0.3644859813084112 0.17429740791268758 0.5295950155763239
6 0.4873942701227831 0.3364485981308411 0.14160982264665756 0.4735202492211838
6 0.9088949522510232 0.3644859813084112 0.06313778990450204 0.4423676012461059
4 0.33803547066848566 0.2772585669781931 0.1566712141882674 0.49221183800623053
4 0.9627694406548432 0.3130841121495327 0.048158253751705314 0.48286604361370716
1 0.20300136425648024 0.2554517133956386 0.11035470668485675 0.3613707165109034
3 0.09525238744884038 0.24610591900311526 0.10221009549795362 0.29906542056074764
0 0.019345156889495226 0.23208722741433022 0.03869031377899045 0.22741433021806853
5 0.7090586630286494 0.7538940809968847 0.09170532060027285 0.32398753894080995
5 0.6142701227830832 0.7305295950155763 0.0984856753069577 0.30218068535825543
6 0.49899045020463845 0.7180685358255452 0.1320600272851296 0.40186915887850466
6 0.7936289222373807 0.7383177570093458 0.08354706684856754 0.3302180685358255
4 0.3605457025920873 0.6853582554517134 0.14439290586630288 0.4797507788161994
4 0.8645566166439291 0.7554517133956387 0.05630286493860846 0.40809968847352024
1 0.23710777626193727 0.5685358255451713 0.12942701227830833 0.3644859813084112
3 0.12934515688949522 0.5358255451713395 0.11038199181446111 0.2803738317757009
0 0.04386084583901773 0.48598130841121495 0.0877080491132333 0.27414330218068533