5 0.600644361833953 0.3456534090909091 0.16490706319702603 0.5145170454545455
5 0.4340768277571252 0.3456534090909091 0.16496902106567535 0.5460795454545454
6 0.7479553903345725 0.35985795454545455 0.12698884758364312 0.47349431818181814
6 0.2895291201982652 0.36301136363636366 0.12648079306071872 0.47349431818181814
4 0.8450061957868649 0.35511363636363635 0.0871003717472119 0.501903409090909
4 0.18836431226765799 0.3851136363636364 0.07557620817843866 0.4040340909090909
1 0.9000743494423792 0.36772727272727274 0.0595910780669145 0.44508522727272726
1 0.12916976456009913 0.3693181818181818 0.04806691449814126 0.3409090909090909
3 0.9516852540272615 0.3851136363636364 0.0582280049566295 0.26514204545454545
3 0.08374225526641883 0.3440625 0.06736059479553903 0.3661647727272727
0 0.0321189591078067 0.2951420454545455 0.03847583643122677 0.24306818181818182
5 0.5683023543990087 0.7323295454545454 0.09524163568773233 0.2840909090909091
5 0.46851301115241634 0.7354829545454545 0.10209417596034696 0.2840909090909091
6 0.6639776951672863 0.7275852272727273 0.09115241635687732 0.30619318181818184
6 0.3680173482032218 0.7323295454545454 0.09380421313506816 0.3030397727272727
4 0.7582775712515489 0.7480965909090909 0.09807930607187114 0.3851136363636364
4 0.26889714993804215 0.7449431818181819 0.1020074349442379 0.37877840909090915
1 0.8360594795539034 0.7323295454545454 0.06094175960346964 0.2588352272727273
1 0.1952540272614622 0.7196875 0.07032218091697645 0.26514204545454545
3 0.883543990086741 0.683409090909091 0.05132589838909542 0.2178125
3 0.14707558859975217 0.658153409090909 0.05654275092936803 0.22411931818181818
0 0.9303469640644362 0.6218465909090909 0.04858736059479554 0.20832386363636363
0 0.09957868649318463 0.6171022727272727 0.06615861214374226 0.16730113636363636
2 0.05415117719950434 0.5429261363636364 0.04121437422552664 0.13889204545454545