5 0.599527665317139 0.3528428093645485 0.14273954116059379 0.4180602006688963
5 0.45717948717948714 0.34448160535117056 0.13604588394062078 0.43478260869565216
6 0.33438596491228073 0.34448160535117056 0.10910931174089068 0.3612040133779264
6 0.7169365721997301 0.3494983277591973 0.0920782726045884 0.3511705685618729
4 0.7999055330634278 0.33444816053511706 0.07456140350877193 0.3411371237458194
4 0.24331983805668017 0.29431438127090304 0.07541160593792173 0.3879598662207358
1 0.8437516869095817 0.34615384615384615 0.04354925775978408 0.2709030100334448
1 0.18530364372469635 0.30267558528428096 0.037651821862348174 0.3177257525083612
3 0.8822132253711201 0.33444816053511706 0.03411605937921727 0.2408026755852843
3 0.1509041835357625 0.3110367892976589 0.033616734143049935 0.28762541806020064
0 0.11649122807017542 0.2959866220735786 0.037678812415654524 0.21070234113712374
5 0.505748987854251 0.8210702341137124 0.08206477732793523 0.2976588628762542
5 0.4193927125506073 0.7976588628762542 0.08748987854251011 0.2709030100334448
6 0.3317004048582996 0.7842809364548495 0.08751686909581646 0.25752508361204013
6 0.5934547908232118 0.8377926421404682 0.09012145748987854 0.30434782608695654
4 0.6858839406207827 0.822742474916388 0.08604588394062078 0.3411371237458194
4 0.2493927125506073 0.7792642140468228 0.0740620782726046 0.31438127090301005
1 0.7627935222672065 0.8260869565217391 0.06172739541160594 0.34782608695652173
1 0.19137651821862348 0.7959866220735786 0.05789473684210526 0.2809364548494983
3 0.8093387314439946 0.7759197324414716 0.05496626180836707 0.27424749163879597
3 0.15426450742240216 0.7207357859531772 0.05925775978407557 0.24414715719063546
0 0.8349797570850203 0.6822742474916388 0.06844804318488529 0.27424749163879597
0 0.12998650472334683 0.5903010033444817 0.05655870445344129 0.21070234113712374