5 0.5944389027431422 0.41040462427745666 0.14559850374064837 0.45664739884393063
5 0.44672069825436406 0.4060693641618497 0.14689526184538654 0.4595375722543353
6 0.32081047381546135 0.3815028901734104 0.10456359102244389 0.4046242774566474
6 0.712281795511222 0.4147398843930636 0.09006234413965088 0.3670520231213873
4 0.8001620947630923 0.38583815028901736 0.08635910224438903 0.40173410404624277
4 0.2229426433915212 0.3598265895953757 0.09088528678304239 0.42485549132947975
1 0.8687281795511222 0.41329479768786126 0.06892768079800499 0.3179190751445087
1 0.15251870324189526 0.37572254335260113 0.06971321695760598 0.3179190751445087
3 0.9198379052369078 0.4031791907514451 0.0614713216957606 0.2861271676300578
3 0.1032793017456359 0.3540462427745665 0.048541147132169574 0.33236994219653176
0 0.964713216957606 0.4060693641618497 0.05649625935162095 0.25722543352601157
0 0.06150872817955112 0.33670520231213874 0.042331670822942646 0.25722543352601157
5 0.5639152119700748 0.7586705202312138 0.07753117206982543 0.3208092485549133
5 0.4822568578553616 0.7615606936416185 0.08330423940149627 0.3265895953757225
6 0.3949875311720698 0.7369942196531792 0.09581047381546134 0.3699421965317919
6 0.6468079800498753 0.7456647398843931 0.08324189526184539 0.3699421965317919
4 0.2890149625935162 0.7456647398843931 0.11330423940149627 0.37572254335260113
4 0.7409351620947631 0.7543352601156069 0.09692019950124689 0.37572254335260113
1 0.8319451371571073 0.7774566473988439 0.08760598503740649 0.43352601156069365
1 0.1905361596009975 0.7254335260115607 0.08092269326683292 0.43352601156069365
3 0.8924064837905238 0.7283236994219653 0.06071072319201995 0.3583815028901734
3 0.11885286783042392 0.7341040462427746 0.06473815461346634 0.3988439306358382
0 0.9379177057356609 0.6748554913294798 0.03778054862842893 0.25722543352601157
0 0.05963840399002494 0.6575144508670521 0.0585286783042394 0.38439306358381503