5 0.5624147339699863 0.346 0.14431105047748977 0.508
5 0.41305593451568895 0.342 0.15391541609822645 0.524
6 0.295075034106412 0.32 0.08167803547066849 0.432
6 0.677694406548431 0.318 0.08351978171896317 0.42
4 0.7636289222373807 0.392 0.08627557980900409 0.44
4 0.20709413369713509 0.36 0.08852660300136425 0.456
1 0.8277353342428376 0.434 0.06720327421555253 0.388
1 0.14844474761255116 0.406 0.06399727148703956 0.372
3 0.8850204638472033 0.426 0.04813096862210096 0.34
3 0.0972987721691678 0.392 0.03810368349249659 0.32
0 0.9313915416098227 0.412 0.04541609822646658 0.304
0 0.05979536152796726 0.386 0.03402455661664393 0.284
2 0.9648158253751706 0.372 0.024965893587994545 0.256
2 0.038649386084583896 0.352 0.016289222373806277 0.176
5 0.5249113233287858 0.706 0.08294679399727148 0.444
5 0.437612551159618 0.704 0.0857162346521146 0.424
6 0.34758526603001366 0.668 0.09392905866302864 0.4
6 0.614256480218281 0.7 0.09791268758526603 0.408
4 0.7083765347885402 0.692 0.08151432469304229 0.44
4 0.2582537517053206 0.692 0.08169167803547067 0.424
1 0.785443383356071 0.74 0.07810368349249659 0.376
1 0.1811869031377899 0.722 0.0694406548431105 0.324
3 0.8461527967257845 0.748 0.06312414733969987 0.264
3 0.13208731241473395 0.702 0.061268758526603 0.26
0 0.9054843110504776 0.702 0.07541609822646658 0.236
0 0.0802455661664393 0.664 0.07492496589358799 0.232
2 0.9545839017735335 0.634 0.045429740791268755 0.212
2 0.03933151432469304 0.588 0.04221009549795362 0.216