5 0.5759487179487179 0.3144963144963145 0.19970512820512823 0.44717444717444715
5 0.37726923076923075 0.3083538083538084 0.19465384615384618 0.4643734643734644
6 0.7483846153846154 0.3083538083538084 0.1502948717948718 0.3955773955773956
6 0.2132051282051282 0.2764127764127764 0.12806410256410256 0.4004914004914005
4 0.884897435897436 0.25184275184275184 0.12085897435897436 0.4152334152334152
4 0.09656410256410256 0.2493857493857494 0.10246153846153847 0.3759213759213759
1 0.9682051282051283 0.257985257985258 0.05855128205128205 0.23095823095823095
1 0.03119230769230769 0.23955773955773957 0.05121794871794872 0.23832923832923833
5 0.5560897435897436 0.7444717444717445 0.12665384615384617 0.40294840294840295
5 0.43303846153846154 0.7407862407862408 0.12412820512820512 0.3955773955773956
6 0.6849358974358974 0.7088452088452089 0.12847435897435897 0.4004914004914005
6 0.3074230769230769 0.7248157248157249 0.13443589743589743 0.40786240786240785
4 0.8073333333333333 0.7235872235872236 0.11629487179487179 0.44963144963144963
4 0.2003974358974359 0.6941031941031941 0.10498717948717949 0.4152334152334152
1 0.9022051282051282 0.6658476658476659 0.08625641025641026 0.343980343980344
1 0.10105128205128204 0.6277641277641277 0.09605128205128205 0.2972972972972973
0 0.9622179487179486 0.5540540540540541 0.07556410256410256 0.28255528255528256
0 0.04401282051282051 0.5257985257985258 0.08197435897435897 0.28992628992628994