5 0.5822176870748299 0.08443465491923642 0.1378503401360544 0.1590748898678414
5 0.43711564625850335 0.09422907488986784 0.1469795918367347 0.16886930983847284
6 0.3294285714285714 0.1566372980910426 0.13568707482993198 0.15173274596182085
6 0.6876326530612246 0.15540381791483113 0.12647619047619046 0.1590748898678414
4 0.263687074829932 0.25085168869309843 0.13117006802721087 0.1443906020558003
4 0.7658503401360544 0.23983847283406756 0.13325170068027212 0.14195301027900148
1 0.23647619047619048 0.3866813509544787 0.15839455782312925 0.13215859030837004
1 0.7828571428571428 0.3756681350954479 0.1581904761904762 0.12481644640234948
3 0.19225850340136055 0.5017180616740088 0.16068027210884353 0.12236417033773862
3 0.8225306122448979 0.49681350954478704 0.16951020408163267 0.12726872246696036
0 0.14918367346938777 0.6497797356828194 0.20149659863945577 0.20312775330396476
0 0.8599319727891156 0.6509985315712188 0.19443537414965986 0.21046989720998532
2 0.09930612244897959 0.8125256975036711 0.17431292517006802 0.2055800293685756
2 0.8950748299319727 0.8308810572687225 0.2012108843537415 0.20803230543318646