5 0.5281641791044777 0.3430111524163569 0.13268656716417912 0.49680297397769513
5 0.40199999999999997 0.3734200743494424 0.11374626865671641 0.429182156133829
6 0.6434925373134328 0.38189591078066915 0.09525373134328358 0.3852788104089219
6 0.30025373134328354 0.39539033457249073 0.08665671641791045 0.39200743494423795
4 0.7371044776119403 0.38356877323420074 0.09529850746268657 0.4630111524163569
4 0.21614925373134328 0.38356877323420074 0.07583582089552239 0.422453531598513
1 0.8123880597014924 0.422453531598513 0.05326865671641791 0.3785130111524163
1 0.16256716417910447 0.4156877323420074 0.050074626865671636 0.3514869888475836
3 0.8612238805970149 0.4562453531598513 0.05056716417910448 0.3041635687732342
3 0.1245820895522388 0.3886617100371747 0.04195522388059701 0.2771375464684015
0 0.9168507462686567 0.429182156133829 0.06144776119402985 0.27037174721189594
0 0.10016417910447761 0.35992565055762077 0.01753731343283582 0.17234200743494424
2 0.9602537313432836 0.4376579925650558 0.050611940298507456 0.2196654275092937
5 0.5247761194029851 0.6911152416356877 0.0852089552238806 0.32780669144981417
5 0.4420298507462687 0.6573234200743494 0.0771044776119403 0.26022304832713755
6 0.3660597014925373 0.6826765799256506 0.07441791044776119 0.3109293680297398
6 0.6000746268656717 0.6556133828996283 0.05940298507462686 0.27037174721189594
4 0.6767313432835821 0.6742007434944238 0.09662686567164179 0.368364312267658
4 0.28534328358208955 0.707992565055762 0.0839402985074627 0.3413382899628253
1 0.771686567164179 0.7401115241635687 0.09123880597014926 0.29739776951672864
1 0.2107313432835821 0.6725278810408922 0.06498507462686567 0.27037174721189594
3 0.8381641791044777 0.6911152416356877 0.04785074626865672 0.2128996282527881
3 0.1618955223880597 0.6404089219330855 0.04601492537313433 0.20613382899628255
0 0.8958208955223881 0.6607063197026022 0.06822388059701492 0.19263940520446096
0 0.1272985074626866 0.61 0.05008955223880597 0.15884758364312265