5 0.5700270635994588 0.3671875 0.13772665764546685 0.453125
5 0.426617050067659 0.375 0.1458998646820027 0.45
5 0.5409472259810555 0.7515625 0.09039242219215156 0.315625
5 0.4489445196211096 0.7609375 0.09312584573748307 0.315625
6 0.3095940460081191 0.390625 0.09047361299052774 0.3375
6 0.3535588633288227 0.71875 0.09451962110960757 0.3125
6 0.6302300405953992 0.728125 0.08764546684709065 0.33125
6 0.6850338294993235 0.4171875 0.08898511502029771 0.303125
4 0.7689309878213803 0.3828125 0.08151556156968877 0.415625
4 0.22232746955345062 0.3984375 0.08104194857916103 0.371875
4 0.7181732070365359 0.6953125 0.08761840324763194 0.346875
4 0.26562922868741545 0.678125 0.0810148849797023 0.35
1 0.8325169147496617 0.38125 0.04907983761840325 0.275
1 0.15332882273342355 0.3640625 0.05400541271989174 0.296875
1 0.18715832205683355 0.6515625 0.07293640054127198 0.259375
1 0.7932611637347767 0.6421875 0.06188092016238159 0.246875
3 0.8690392422192152 0.35 0.024736129905277404 0.2
3 0.10801082543978348 0.3484375 0.036441136671177266 0.234375
3 0.1283085250338295 0.6 0.07159675236806495 0.1625
3 0.841299052774019 0.59375 0.05779431664411367 0.14375
0 0.9001623815967524 0.271875 0.03557510148849797 0.19375
0 0.07622462787550743 0.2890625 0.02968876860622463 0.178125
0 0.09177266576454668 0.5421875 0.06079837618403248 0.146875
0 0.8859404600811909 0.5265625 0.06048714479025711 0.146875
2 0.04374830852503383 0.2375 0.03239512855209743 0.13125
2 0.05119079837618403 0.4328125 0.06622462787550744 0.109375
2 0.9109742895805143 0.425 0.056414073071718536 0.10625