5 0.5639805825242719 0.32954372623574146 0.1453398058252427 0.39923954372623577
5 0.41635922330097086 0.33110266159695817 0.14674757281553397 0.40874524714828897
6 0.6893851132686084 0.2946768060836502 0.10276699029126213 0.3928897338403042
6 0.2923300970873786 0.3120912547528517 0.1009546925566343 0.37072243346007605
4 0.7776860841423948 0.23129277566539924 0.09336569579288026 0.39923954372623577
4 0.21009708737864077 0.2661596958174905 0.07940129449838187 0.4055893536121673
1 0.8471197411003236 0.19802281368821292 0.05699029126213592 0.31368821292775667
1 0.14402912621359223 0.26456273764258553 0.0524757281553398 0.32634980988593154
3 0.8909385113268609 0.16159695817490494 0.0448705501618123 0.2661596958174905
3 0.10763754045307443 0.2630038022813688 0.0336084142394822 0.25349809885931557
0 0.9313754045307444 0.12517110266159698 0.04758899676375405 0.2503041825095057
0 0.06449838187702266 0.2265399239543726 0.052491909385113264 0.21228136882129278
5 0.5356796116504855 0.6986692015209125 0.08333333333333333 0.2946768060836502
5 0.44872168284789643 0.7160836501901141 0.08741100323624595 0.310532319391635
6 0.621294498381877 0.692319391634981 0.09061488673139159 0.3200380228136882
6 0.3597411003236246 0.7129277566539924 0.08744336569579288 0.31684410646387834
4 0.714336569579288 0.6653992395437263 0.10144012944983818 0.3485551330798479
4 0.2727831715210356 0.7050190114068441 0.0996116504854369 0.33269961977186313
1 0.787799352750809 0.6083650190114068 0.08663430420711973 0.3358555133079848
1 0.21548543689320387 0.6479847908745247 0.07669902912621358 0.2946768060836502
3 0.8477993527508092 0.5370722433460076 0.0718284789644013 0.2946768060836502
3 0.16964401294498382 0.6131178707224335 0.06593851132686084 0.2249809885931559
0 0.9003721682847896 0.46577946768060835 0.07993527508090614 0.29152091254752854
0 0.11773462783171522 0.5671863117870722 0.07809061488673139 0.2788212927756654
2 0.9388025889967637 0.34220532319391633 0.04624595469255663 0.18376425855513306
2 0.08538834951456312 0.434106463878327 0.03226537216828479 0.14574144486692014