5 0.5697842835130971 0.41501960784313724 0.12939907550077043 0.33988235294117647
5 0.43627118644067797 0.4248235294117647 0.13459167950693374 0.3463921568627451
6 0.32714946070878276 0.37580392156862746 0.08328197226502311 0.28105882352941175
6 0.6802157164869029 0.39050980392156864 0.08631741140215717 0.29737254901960786
4 0.7572419106317412 0.37745098039215685 0.06579352850539291 0.38235294117647056
4 0.24499229583975346 0.37745098039215685 0.08331278890600924 0.33658823529411763
1 0.8195069337442219 0.3872549019607843 0.059399075500770414 0.2908627450980392
1 0.17567026194144839 0.39215686274509803 0.05765793528505393 0.27450980392156865
3 0.8586594761171032 0.3790980392156863 0.04530046224961479 0.24184313725490197
3 0.13587057010785825 0.39050980392156864 0.03713405238828968 0.20588235294117646
0 0.9003852080123267 0.3643921568627451 0.041463790446841294 0.21243137254901961
0 0.08708782742681048 0.37254901960784315 0.0628351309707242 0.20913725490196078
2 0.9350385208012327 0.3333333333333333 0.026070878274268107 0.13070588235294117
5 0.5370570107858244 0.6879215686274509 0.08191063174114022 0.2777647058823529
5 0.452326656394453 0.7026274509803921 0.08451463790446842 0.3006666666666667
6 0.3605392912172573 0.6764705882352942 0.09610169491525423 0.3071764705882353
6 0.6230662557781201 0.6601176470588236 0.08702619414483821 0.29411764705882354
4 0.7001078582434515 0.6634117647058823 0.06963020030816641 0.3333333333333333
4 0.2854391371340524 0.6487058823529411 0.07431432973805854 0.33658823529411763
1 0.7649460708782743 0.6356078431372549 0.06323574730354391 0.2647058823529412
1 0.2103235747303544 0.6258039215686275 0.07818181818181819 0.2908627450980392
3 0.8156548536209554 0.6110980392156863 0.0363020030816641 0.16992156862745098
3 0.15 0.6127450980392157 0.07050847457627119 0.22549019607843138
0 0.8625115562403698 0.5816862745098039 0.058135593220338976 0.19607843137254902
0 0.09799691833590139 0.5898823529411764 0.05640986132511556 0.21243137254901961
2 0.9138520801232666 0.5163529411764706 0.04275808936825886 0.1568627450980392
2 0.049861325115562405 0.5457647058823529 0.03716486902927581 0.16992156862745098