5 0.5893877551020408 0.4165505226480836 0.13354227405247812 0.3705923344947735
5 0.45158892128279887 0.41337979094076654 0.1389067055393586 0.3832752613240418
6 0.7040087463556851 0.3769337979094077 0.09306122448979592 0.3737630662020906
6 0.32902332361516035 0.36585365853658536 0.10317784256559767 0.3896167247386759
4 0.791457725947522 0.3436933797909408 0.0798396501457726 0.41494773519163763
4 0.23362973760932945 0.3721951219512195 0.08730320699708455 0.40226480836236933
1 0.8444606413994168 0.35317073170731705 0.056020408163265305 0.35160278745644596
1 0.1594460641399417 0.3626829268292683 0.06613702623906705 0.39595818815331013
3 0.8881778425655976 0.33257839721254356 0.053381924198250726 0.33574912891986064
3 0.10577259475218659 0.33735191637630657 0.051588921282798836 0.3769337979094077
0 0.9345481049562683 0.3151567944250871 0.04545189504373178 0.30090592334494776
0 0.056093294460641395 0.29933797909407667 0.047623906705539364 0.31993031358885016
5 0.5595918367346939 0.7237979094076654 0.08240524781341108 0.33891986062717766
5 0.47874635568513124 0.7301393728222997 0.08192419825072887 0.33891986062717766
6 0.3946209912536443 0.6905226480836237 0.0832798833819242 0.3294425087108014
6 0.6450437317784257 0.7032055749128919 0.08110787172011662 0.3231010452961673
4 0.3084985422740525 0.7127177700348433 0.088600583090379 0.38010452961672475
4 0.7285276967930029 0.6810104529616724 0.08379008746355684 0.38010452961672475
1 0.7980758017492712 0.665191637630662 0.05599125364431486 0.3231010452961673
1 0.22701166180758017 0.7047735191637631 0.074067055393586 0.33891986062717766
3 0.8524052478134111 0.6445993031358885 0.05336734693877551 0.28825783972125435
3 0.16341107871720115 0.6841811846689896 0.055539358600583094 0.2850871080139373
0 0.9060641399416909 0.5844250871080139 0.06001457725947522 0.2249128919860627
0 0.0892128279883382 0.6224390243902439 0.08736151603498542 0.30090592334494776