5 0.5913702623906706 0.4086062717770035 0.1401749271137026 0.3737630662020906
5 0.4495918367346939 0.4054355400696864 0.14287172011661808 0.38644599303135885
5 0.5622303206997085 0.7380487804878049 0.08188046647230321 0.2850871080139373
5 0.47941690962099126 0.744390243902439 0.08323615160349855 0.2914285714285714
6 0.3243877551020408 0.35634146341463413 0.10714285714285714 0.36428571428571427
6 0.7033381924198251 0.37853658536585366 0.08316326530612245 0.3705923344947735
6 0.3952769679300292 0.706376306620209 0.0793002915451895 0.2977351916376307
6 0.6463556851311953 0.7095470383275261 0.08052478134110787 0.2914285714285714
4 0.22966472303207 0.36585365853658536 0.08201166180758017 0.39595818815331013
4 0.3078279883381924 0.7237979094076654 0.0925801749271137 0.3705923344947735
4 0.7298250728862974 0.6826132404181184 0.08314868804664723 0.36428571428571427
4 0.788134110787172 0.33735191637630657 0.0857725947521866 0.40226480836236933
1 0.15877551020408162 0.35477351916376304 0.06215743440233236 0.39278745644599306
1 0.22370262390670556 0.7142857142857143 0.0700874635568513 0.3072473867595819
1 0.8000583090379009 0.6810104529616724 0.05927113702623906 0.2787456445993031
1 0.8444460641399416 0.33574912891986064 0.05336734693877551 0.3611149825783972
3 0.10180758017492712 0.33418118466898955 0.051588921282798836 0.36428571428571427
3 0.1607725947521866 0.6873519163763067 0.052886297376093294 0.2660627177700348
3 0.8550437317784256 0.6572822299651567 0.04731778425655977 0.2692334494773519
3 0.8875072886297377 0.3294425087108014 0.05205539358600583 0.3420905923344948
0 0.05543731778425656 0.2945993031358885 0.04631195335276968 0.33574912891986064
0 0.936530612244898 0.3025087108013937 0.04412536443148688 0.31993031358885016
0 0.9047230320699708 0.5986759581881533 0.06188046647230321 0.2027177700348432
0 0.08723032069970846 0.6303484320557491 0.09134110787172012 0.3040766550522648