5 0.5813848631239936 0.3474903474903475 0.16341384863123995 0.46332046332046334
5 0.41702093397745577 0.3233590733590734 0.16212560386473432 0.45366795366795365
6 0.7169243156199677 0.35231660231660233 0.10497584541062802 0.4086100386100386
6 0.2889049919484702 0.3088803088803089 0.09644122383252818 0.41185328185328185
4 0.8101610305958132 0.37324324324324326 0.0822061191626409 0.43115830115830117
4 0.20505636070853464 0.30567567567567566 0.07634460547504025 0.4182625482625483
1 0.8584541062801933 0.4279150579150579 0.04196457326892109 0.25096525096525096
1 0.15608695652173915 0.34266409266409265 0.04014492753623188 0.2670656370656371
3 0.8886473429951691 0.42150579150579154 0.029903381642512078 0.1994980694980695
3 0.12589371980676328 0.3298069498069498 0.030756843800322065 0.18984555984555984
0 0.9322544283413848 0.3716216216216216 0.050048309178743956 0.222007722007722
0 0.09436392914653785 0.2911969111969112 0.040161030595813205 0.1833976833976834
2 0.060821256038647346 0.2396911196911197 0.029436392914653785 0.13833976833976833
5 0.5552334943639292 0.7303861003861003 0.10037037037037037 0.3925482625482625
5 0.45661835748792273 0.6981853281853282 0.09368760064412238 0.34104247104247104
6 0.36135265700483093 0.6788803088803089 0.09373590982286635 0.39895752895752895
6 0.6578582930756843 0.682123552123552 0.10167471819645733 0.35393822393822394
4 0.7504347826086957 0.7014285714285714 0.0747987117552335 0.3667953667953668
4 0.26811594202898553 0.6467181467181468 0.08974235104669886 0.31532818532818535
1 0.8182125603864735 0.7046332046332047 0.06610305958132044 0.24451737451737451
1 0.19566827697262482 0.6338610038610039 0.07365539452495974 0.24451737451737451
3 0.8618196457326893 0.6611969111969112 0.04599033816425121 0.18984555984555984
3 0.14871175523349436 0.6032818532818532 0.044170692431562 0.1833976833976834
0 0.9074235104669887 0.6161389961389961 0.05674718196457327 0.17694980694980694
0 0.11046698872785829 0.5292664092664093 0.0696779388083736 0.18984555984555984
2 0.9362801932367149 0.5196138996138997 0.04468599033816425 0.1833976833976834
2 0.05747181964573268 0.43115830115830117 0.0656682769726248 0.1994980694980695