5 0.5907707910750507 0.15062925170068026 0.1604969574036511 0.29641156462585033
5 0.4328701825557809 0.1554931972789116 0.157657200811359 0.2818197278911565
6 0.2988843813387424 0.19071428571428573 0.10990872210953348 0.25510204081632654
6 0.7131845841784991 0.2004421768707483 0.0836815415821501 0.2502380952380952
4 0.8030121703853955 0.2393027210884354 0.09887423935091277 0.2939795918367347
4 0.19386409736308316 0.28061224489795916 0.09401622718052739 0.2939795918367347
1 0.8812170385395538 0.36807823129251704 0.05464503042596349 0.2696768707482993
1 0.13302231237322515 0.4288095238095238 0.0737525354969574 0.24052721088435375
3 0.9181643002028397 0.4664795918367347 0.06270791075050709 0.24295918367346941
3 0.08884381338742393 0.5211394557823129 0.07522312373225153 0.22108843537414966
0 0.952210953346856 0.5952380952380952 0.07865111561866125 0.26724489795918366
0 0.04248478701825558 0.6413945578231293 0.0694421906693712 0.2623979591836735
2 0.9022210953346856 0.8017517006802721 0.16035496957403653 0.14091836734693877
2 0.0815922920892495 0.8309013605442177 0.15344827586206897 0.12147959183673471