5 0.5332471264367816 0.42763066202090594 0.14079022988505746 0.4181184668989547
5 0.3895977011494253 0.4418815331010453 0.1460632183908046 0.4212891986062718
6 0.654066091954023 0.39435540069686414 0.09823275862068966 0.33891986062717766
6 0.2733764367816092 0.4212891986062718 0.08603448275862069 0.3231010452961673
4 0.7448275862068965 0.35160278745644596 0.08129310344827587 0.3737630662020906
4 0.19501436781609194 0.38170731707317074 0.06778735632183908 0.35160278745644596
1 0.8179597701149425 0.30090592334494776 0.0630316091954023 0.2977351916376307
1 0.13495689655172416 0.34843205574912894 0.04952586206896552 0.2914285714285714
0 0.8786781609195401 0.24547038327526133 0.06175287356321839 0.2502439024390244
0 0.0885919540229885 0.2676655052264808 0.04563218390804598 0.23121951219512196
2 0.9420114942528736 0.1789547038327526 0.06228448275862069 0.20588850174216028
2 0.04810344827586206 0.2027177700348432 0.03780172413793103 0.17738675958188152
5 0.5143103448275862 0.7998257839721254 0.0898706896551724 0.30090592334494776
5 0.42485632183908045 0.7934843205574913 0.0885919540229885 0.30090592334494776
6 0.6057471264367816 0.7475609756097561 0.09298850574712643 0.3167595818815331
6 0.3360632183908046 0.7697212543554007 0.09123563218390805 0.3040766550522648
4 0.6978017241379311 0.7522996515679442 0.09110632183908045 0.36428571428571427
4 0.2563936781609195 0.7538675958188154 0.08081896551724138 0.3611149825783972
1 0.7722557471264367 0.6144947735191638 0.08130747126436783 0.272404181184669
1 0.19893678160919542 0.6588501742160279 0.06778735632183908 0.2597560975609756
0 0.8323275862068965 0.5337282229965157 0.0708764367816092 0.24390243902439024
0 0.1427873563218391 0.5891637630662021 0.06258620689655173 0.234390243902439
2 0.9067672413793104 0.41337979094076654 0.08135057471264368 0.24390243902439024
2 0.08923850574712644 0.47038327526132406 0.059985632183908046 0.193205574912892