5 0.5481692094313454 0.3345214521452145 0.12959778085991677 0.38702970297029704
5 0.4113869625520111 0.3555445544554456 0.1384743411927878 0.37504950495049505
6 0.6559778085991678 0.3195379537953795 0.08852981969486824 0.333036303630363
6 0.2973092926490985 0.35854785478547857 0.0868377253814147 0.285016501650165
4 0.7391816920943135 0.32402640264026406 0.07847434119278779 0.336039603960396
4 0.21789181692094312 0.3555445544554456 0.07173370319001386 0.285016501650165
1 0.8009431345353676 0.33904290429042905 0.04823855755894591 0.252013201320132
1 0.1643134535367545 0.35854785478547857 0.05789181692094314 0.24303630363036305
3 0.8349791955617198 0.3315181518151815 0.04069348127600555 0.20702970297029702
3 0.12963938973647712 0.3465346534653465 0.03395284327323162 0.20702970297029702
0 0.8847711511789181 0.297029702970297 0.05710124826629681 0.222013201320132
0 0.08993065187239944 0.321023102310231 0.042787794729542306 0.18003300330033004
5 0.5071983356449375 0.7320792079207921 0.09052704576976421 0.336039603960396
5 0.4202219140083218 0.7335643564356435 0.08804438280166435 0.333036303630363
6 0.5986130374479889 0.7080858085808581 0.08472954230235784 0.33003300330033003
6 0.33386962552011096 0.7200660066006601 0.08682385575589459 0.318019801980198
4 0.6755062413314841 0.6945544554455445 0.0746740638002774 0.35102310231023104
4 0.26768377253814146 0.6915841584158416 0.07801664355062413 0.309042904290429
1 0.7410679611650485 0.636072607260726 0.08226074895977808 0.258019801980198
1 0.21158113730929268 0.6450495049504951 0.0666990291262136 0.264026402640264
3 0.7839251040221914 0.6075577557755776 0.054535367545076284 0.20702970297029702
3 0.17692094313453538 0.6180528052805281 0.07048543689320388 0.192013201320132
0 0.8368654646324549 0.5955445544554455 0.05707350901525659 0.19501650165016501
0 0.12775312066574201 0.60006600660066 0.05790568654646325 0.168019801980198
2 0.8583079056865465 0.5415511551155116 0.05457697642163662 0.17102310231023102
2 0.10253814147018031 0.5265676567656766 0.05539528432732316 0.14102310231023102