5 0.6057687074829932 0.3934169278996865 0.16839455782312926 0.49216300940438873
5 0.43778231292517006 0.4090909090909091 0.1616598639455782 0.4670846394984326
6 0.73978231292517 0.3714733542319749 0.10235374149659865 0.44200626959247646
6 0.3085578231292517 0.3777429467084639 0.09912925170068027 0.43573667711598746
4 0.826843537414966 0.34796238244514105 0.06974149659863946 0.4263322884012539
4 0.21129251700680274 0.33072100313479624 0.0923673469387755 0.5047021943573667
1 0.8764897959183674 0.3338557993730408 0.046639455782312926 0.322884012539185
1 0.146 0.3573667711598746 0.051578231292517 0.2946708463949843
3 0.9098231292517007 0.28996865203761757 0.03440816326530612 0.2601880877742947
3 0.10383673469387754 0.3322884012539185 0.040707482993197285 0.219435736677116
0 0.9499455782312926 0.22884012539184953 0.04666666666666666 0.30094043887147337
0 0.06507482993197279 0.2962382445141066 0.039360544217687074 0.1724137931034483
2 0.02221768707482993 0.24921630094043887 0.04074829931972789 0.16614420062695925
5 0.567687074829932 0.8040752351097179 0.08951020408163265 0.322884012539185
5 0.4697551020408163 0.8072100313479624 0.09771428571428571 0.335423197492163
6 0.6629251700680272 0.7758620689655172 0.10095238095238096 0.3730407523510972
6 0.36840816326530607 0.7931034482758621 0.10998639455782314 0.4012539184952978
4 0.7567891156462585 0.7288401253918495 0.0819591836734694 0.3730407523510972
4 0.26571428571428574 0.7586206896551724 0.08961904761904763 0.4263322884012539
1 0.8275238095238096 0.658307210031348 0.060217687074829926 0.26332288401253917
1 0.18817687074829934 0.6520376175548589 0.06517006802721088 0.3072100313479624
3 0.8724081632653061 0.5846394984326019 0.046639455782312926 0.1786833855799373
3 0.1392108843537415 0.6050156739811913 0.051578231292517 0.2006269592476489
0 0.9139047619047619 0.49843260188087773 0.05073469387755102 0.15047021943573669
0 0.09839455782312924 0.5219435736677116 0.05975510204081633 0.18495297805642633
2 0.9492653061224491 0.3730407523510972 0.042585034013605444 0.13166144200626959
2 0.06099319727891156 0.4278996865203762 0.047523809523809524 0.11598746081504702