5 0.5945491251682369 0.2506775067750677 0.15716016150740242 0.44173441734417346
5 0.4357604306864064 0.2506775067750677 0.16261103633916554 0.44173441734417346
6 0.7244279946164199 0.23035230352303523 0.10528936742934052 0.4065040650406504
6 0.30119784656796766 0.25338753387533874 0.10613728129205922 0.3983739837398374
4 0.8199596231493944 0.21138211382113822 0.08379542395693136 0.41192411924119243
4 0.19959623149394348 0.24119241192411925 0.0913728129205922 0.4065040650406504
1 0.8906056527590849 0.2005420054200542 0.0663257065948856 0.3523035230352303
1 0.12425302826379542 0.21680216802168023 0.061803499327052494 0.3523035230352303
3 0.9376985195154779 0.1991869918699187 0.04212651413189771 0.2845528455284553
3 0.0805114401076716 0.18292682926829268 0.04432032301480485 0.35501355013550134
0 0.9720188425302827 0.16937669376693767 0.027335127860026915 0.27371273712737126
0 0.03812920592193809 0.17479674796747968 0.061830417227456254 0.2953929539295393
5 0.5588963660834455 0.8224932249322493 0.0777792732166891 0.32791327913279134
5 0.4727725437415881 0.8197831978319783 0.08858681022880215 0.3224932249322493
6 0.3812651413189771 0.8130081300813008 0.09399730820995963 0.33062330623306235
6 0.6490444145356662 0.8184281842818428 0.09390309555854642 0.33604336043360433
4 0.7405518169582773 0.8157181571815718 0.08578734858681022 0.3685636856368564
4 0.2823553162853297 0.8035230352303523 0.10075370121130552 0.3821138211382114
1 0.8132166890982504 0.7777777777777778 0.08037685060565276 0.3685636856368564
1 0.21440107671601616 0.7560975609756098 0.10481830417227456 0.3252032520325203
3 0.8609825033647376 0.7195121951219512 0.0655585464333782 0.34417344173441733
3 0.15990578734858682 0.7222222222222222 0.0819650067294751 0.3224932249322493
0 0.9040511440107672 0.6802168021680217 0.06016150740242261 0.3685636856368564
0 0.10137281292059218 0.6476964769647696 0.08064602960969044 0.3089430894308943
2 0.9269313593539704 0.55420054200542 0.06014804845222072 0.24119241192411925
2 0.044858681022880216 0.5298102981029811 0.08065948855989233 0.24661246612466126