5 0.5714769647696477 0.3493150684931507 0.15823848238482385 0.4191780821917808
5 0.4163550135501355 0.3410958904109589 0.15151761517615175 0.4301369863013699
5 0.5504878048780487 0.7712328767123288 0.09998644986449866 0.27123287671232876
5 0.450230352303523 0.7753424657534247 0.1000271002710027 0.27945205479452057
6 0.2957859078590786 0.3136986301369863 0.08924119241192412 0.35342465753424657
6 0.6954471544715447 0.33013698630136984 0.08909214092140921 0.3424657534246575
6 0.35539295392953923 0.7767123287671233 0.09193766937669376 0.2876712328767123
6 0.6493766937669376 0.7753424657534247 0.09453929539295393 0.29041095890410956
4 0.7842005420054201 0.29178082191780824 0.08299457994579945 0.3863013698630137
4 0.2029810298102981 0.2821917808219178 0.09063685636856368 0.3726027397260274
4 0.2714092140921409 0.7616438356164383 0.07841463414634146 0.33972602739726027
4 0.7387940379403795 0.7698630136986301 0.08365853658536586 0.3780821917808219
1 0.8546341463414634 0.2219178082191781 0.05863143631436315 0.33972602739726027
1 0.1278048780487805 0.2410958904109589 0.05680216802168022 0.3780821917808219
1 0.20028455284552846 0.7205479452054795 0.063550135501355 0.31232876712328766
1 0.8160162601626016 0.7027397260273973 0.07008130081300813 0.3095890410958904
3 0.13864498644986448 0.6835616438356165 0.05949864498644986 0.2821917808219178
3 0.8722357723577236 0.6383561643835617 0.06871273712737128 0.28493150684931506
3 0.8993360433604336 0.1726027397260274 0.03888888888888889 0.27945205479452057
3 0.08986449864498644 0.22602739726027396 0.048685636856368564 0.3095890410958904
0 0.04651761517615176 0.18767123287671234 0.040569105691056914 0.3095890410958904
0 0.9264363143631437 0.12602739726027398 0.03346883468834688 0.2356164383561644
0 0.06481029810298103 0.6301369863013698 0.0852710027100271 0.3232876712328767
0 0.937940379403794 0.5397260273972603 0.09170731707317074 0.33972602739726027
2 0.014010840108401083 0.1410958904109589 0.021612466124661247 0.2219178082191781