5 0.5485560344827586 0.4048186528497409 0.12633620689655173 0.3756476683937824
5 0.4179310344827586 0.40963730569948187 0.13176724137931034 0.36590673575129534
5 0.5431896551724138 0.7367357512953367 0.07515086206896551 0.2882383419689119
5 0.4664224137931034 0.7269948186528498 0.07788793103448276 0.26880829015544044
6 0.31625000000000003 0.41450777202072536 0.07390086206896551 0.33678756476683935
6 0.3882974137931034 0.7221761658031088 0.07790948275862068 0.25906735751295334
6 0.6529310344827586 0.40642487046632125 0.07915948275862068 0.3206217616580311
6 0.6199353448275862 0.6978756476683937 0.08051724137931035 0.2687564766839378
4 0.7344396551724137 0.4015544041450777 0.08114224137931034 0.34974093264248707
4 0.7020905172413793 0.7108290155440414 0.08047413793103449 0.2882383419689119
4 0.3048060344827586 0.7367357512953367 0.08601293103448275 0.3011917098445596
4 0.24017241379310345 0.3999481865284974 0.0752801724137931 0.3724352331606217
1 0.8010991379310345 0.4177720207253886 0.052887931034482756 0.25259067357512954
1 0.1829310344827586 0.4242487046632124 0.03625 0.2979274611398964
1 0.772801724137931 0.6751813471502591 0.0575646551724138 0.2558549222797928
1 0.2273706896551724 0.6962694300518134 0.06853448275862069 0.20725388601036268
3 0.8475431034482759 0.40316062176165807 0.040775862068965524 0.26880829015544044
3 0.14657327586206897 0.40642487046632125 0.03894396551724138 0.2882383419689119
3 0.1815948275862069 0.6638860103626942 0.0577801724137931 0.17487046632124353
3 0.825323275862069 0.6444559585492228 0.06293103448275862 0.20725388601036268
0 0.8906465517241379 0.3724352331606217 0.048879310344827585 0.2655440414507772
0 0.10280172413793104 0.3675647668393782 0.04299568965517241 0.32709844559585494
0 0.13107758620689655 0.6719689119170984 0.06454741379310344 0.2299481865284974
0 0.8744827586206896 0.6104145077720208 0.06696120689655173 0.19756476683937826
2 0.0725 0.3189637305699482 0.017435344827586206 0.13927461139896372
2 0.9276724137931034 0.3206217616580311 0.027866379310344826 0.1489637305699482
2 0.09202586206896553 0.5991191709844559 0.05109913793103448 0.12953367875647667
2 0.9256465517241379 0.5618652849740933 0.03461206896551724 0.16518134715025906