5 0.39329738058551617 0.399607250755287 0.18605546995377503 0.48613293051359513
5 0.23013867488443762 0.38314199395770393 0.1426964560862866 0.49712990936555895
5 0.3505855161787365 0.760785498489426 0.09503852080123266 0.23069486404833836
5 0.26166409861325113 0.7429305135951662 0.07966101694915255 0.2169788519637462
6 0.12930662557781203 0.3666465256797583 0.05870570107858244 0.41471299093655595
6 0.5564252696456087 0.380392749244713 0.13691833590138675 0.4586706948640483
6 0.18600924499229585 0.7127190332326284 0.06563944530046226 0.2719033232628399
6 0.4492912172573189 0.7511782477341389 0.1047457627118644 0.27740181268882175
4 0.6881047765793529 0.3474320241691843 0.12642526964560863 0.5190936555891238
4 0.07676425269645609 0.32682779456193356 0.046070878274268104 0.42845921450151053
4 0.13069337442218798 0.7140785498489426 0.04745762711864407 0.2746525679758308
4 0.5662249614791988 0.7621450151057402 0.12571648690292758 0.31036253776435047
1 0.7959322033898304 0.370785498489426 0.08724191063174114 0.39549848942598187
1 0.6894761171032358 0.7964954682779456 0.1172573189522342 0.3845015105740181
3 0.884175654853621 0.3638972809667674 0.08644067796610169 0.3487915407854985
3 0.7980431432973805 0.7731419939577039 0.09907550077041602 0.40374622356495465
0 0.9640061633281972 0.3323262839879154 0.06959938366718028 0.3131117824773414
0 0.9093836671802774 0.6948640483383686 0.1228351309707242 0.3131117824773414
2 0.9688135593220338 0.6055891238670694 0.06238828967642527 0.2389425981873112