5 0.8890394088669951 0.3554037267080745 0.08580049261083744 0.42099378881987576
5 0.7830049261083744 0.38130434782608696 0.13098522167487683 0.41751552795031055
6 0.6598768472906404 0.3985403726708075 0.11461822660098521 0.38301242236024846
6 0.9396674876847291 0.35024844720496895 0.03105911330049261 0.3554037267080745
4 0.5394827586206896 0.41062111801242235 0.12286945812807881 0.42788819875776396
1 0.42045566502463055 0.4365217391304348 0.1119704433497537 0.32090062111801243
3 0.3130665024630542 0.41751552795031055 0.09695812807881773 0.2829503105590062
0 0.19471674876847292 0.37785714285714284 0.13120689655172416 0.2518944099378882
2 0.06543103448275862 0.32782608695652177 0.12440886699507389 0.2415527950310559
5 0.8439039408866995 0.6970186335403726 0.048251231527093597 0.2691614906832298
5 0.7830295566502463 0.7246273291925466 0.07422413793103448 0.2622360248447205
6 0.6968349753694582 0.7246273291925466 0.09608374384236452 0.2829503105590062
6 0.889051724137931 0.6780434782608696 0.03732758620689655 0.23118012422360248
4 0.5894334975369458 0.7160248447204969 0.116564039408867 0.3485093167701863
4 0.9198275862068965 0.657360248447205 0.027770935960591134 0.19667701863354037
1 0.47109605911330044 0.672888198757764 0.12061576354679802 0.2829503105590062
3 0.3582266009852217 0.6487267080745341 0.1055295566502463 0.22773291925465838
0 0.22757389162561575 0.5900621118012422 0.15061576354679804 0.2415527950310559
2 0.08323891625615763 0.5158695652173914 0.13551724137931034 0.18978260869565217