5 0.5768970189701897 0.3452054794520548 0.15010840108401083 0.4273972602739726
5 0.42109756097560974 0.34657534246575344 0.15829268292682927 0.4191780821917808
6 0.6988482384823849 0.32602739726027397 0.0937940379403794 0.3506849315068493
6 0.30594850948509483 0.31232876712328766 0.10143631436314363 0.3506849315068493
4 0.7875880758807589 0.29041095890410956 0.08434959349593496 0.38904109589041097
4 0.20840108401084012 0.2808219178082192 0.09063685636856368 0.37534246575342467
1 0.8580216802168023 0.22465753424657534 0.05456639566395664 0.3287671232876712
1 0.13525745257452573 0.2493150684931507 0.05814363143631436 0.3561643835616438
3 0.902059620596206 0.1821917808219178 0.03155826558265583 0.27123287671232876
3 0.09121951219512194 0.23013698630136986 0.05139566395663957 0.31232876712328766
0 0.928468834688347 0.1232876712328767 0.03562330623306233 0.2356164383561644
0 0.050582655826558263 0.18767123287671234 0.04869918699186992 0.2876712328767123
2 0.018062330623306234 0.1547945205479452 0.024322493224932247 0.2
5 0.5531978319783197 0.7767123287671233 0.09727642276422765 0.27123287671232876
5 0.45497289972899724 0.7767123287671233 0.0959620596205962 0.27123287671232876
6 0.6493766937669376 0.7726027397260274 0.09724932249322493 0.29041095890410956
6 0.35945799457994576 0.7780821917808219 0.09464769647696476 0.28493150684931506
4 0.7415040650406505 0.763013698630137 0.08907859078590785 0.34794520547945207
4 0.2734417344173442 0.7589041095890411 0.07705962059620595 0.33424657534246577
1 0.8200813008130081 0.6972602739726027 0.06737127371273713 0.3041095890410959
1 0.21043360433604338 0.7123287671232876 0.06489159891598915 0.3013698630136986
3 0.8756233062330624 0.6301369863013698 0.06735772357723577 0.2684931506849315
3 0.14811653116531165 0.6794520547945205 0.06762872628726287 0.2958904109589041
0 0.9481165311653117 0.5561643835616439 0.07491869918699187 0.28493150684931506
0 0.07089430894308943 0.5986301369863014 0.08932249322493226 0.26575342465753427