5 0.5270580110497237 0.4161267605633803 0.1491574585635359 0.4673591549295774
5 0.37704419889502766 0.41774647887323946 0.1454558011049724 0.44492957746478873
6 0.6545165745856354 0.40813380281690137 0.10573204419889502 0.44492957746478873
6 0.25715469613259667 0.40172535211267607 0.09150552486187845 0.40651408450704224
4 0.7480386740331493 0.3649295774647887 0.08191988950276244 0.4225352112676056
4 0.1755524861878453 0.3104929577464789 0.06643646408839779 0.39693661971830985
1 0.8183425414364641 0.3409154929577465 0.0543232044198895 0.27848591549295776
1 0.12660220994475138 0.2992957746478873 0.031298342541436465 0.2272887323943662
3 0.8710635359116021 0.32971830985915496 0.05435082872928177 0.24968309859154927
3 0.09458563535911603 0.21285211267605636 0.03508287292817679 0.15686619718309858
0 0.9319613259668509 0.23366197183098592 0.06064917127071823 0.2112676056338028
5 0.5025966850828729 0.6962323943661971 0.07553867403314916 0.2720774647887324
5 0.4134530386740331 0.6914084507042254 0.08015193370165746 0.2752816901408451
6 0.32558011049723756 0.664225352112676 0.08017955801104971 0.25929577464788733
6 0.5885911602209944 0.6898239436619719 0.08888121546961325 0.2720774647887324
4 0.23958563535911603 0.6561971830985917 0.08649171270718231 0.30088028169014086
4 0.6827624309392265 0.7266197183098592 0.09444751381215469 0.3841197183098592
1 0.7687569060773481 0.6385915492957747 0.07062154696132597 0.26566901408450705
1 0.16676795580110496 0.5697887323943662 0.058908839779005524 0.2112676056338028
3 0.1253453038674033 0.49454225352112674 0.04133977900552486 0.15686619718309858
0 0.8396823204419889 0.585774647887324 0.06437845303867404 0.21767605633802817
0 0.09332872928176794 0.3841197183098592 0.03256906077348066 0.14725352112676057
2 0.9087292817679558 0.45616197183098595 0.06189226519337017 0.2144718309859155