5 0.5914908722109534 0.15185374149659864 0.15904665314401623 0.2891156462585034
5 0.43141987829614603 0.1579251700680272 0.1605578093306288 0.272108843537415
6 0.7139148073022312 0.19921768707482992 0.0829107505070994 0.23809523809523808
6 0.29960446247464506 0.19437074829931975 0.10845841784989858 0.25267006802721087
4 0.8022819472616632 0.2344557823129252 0.09742393509127789 0.2842517006802721
4 0.20255578093306287 0.2854761904761905 0.10269776876267749 0.2939795918367347
1 0.8681947261663285 0.3692857142857143 0.08731237322515213 0.2478061224489796
1 0.13664300202839755 0.42153061224489796 0.083894523326572 0.25510204081632654
3 0.9087525354969573 0.4713265306122449 0.07864097363083165 0.2478061224489796
3 0.08739350912778905 0.5211394557823129 0.07232251521298175 0.21622448979591838
0 0.9442494929006084 0.5952380952380952 0.09168356997971604 0.272108843537415
0 0.04248478701825558 0.6426190476190476 0.0694421906693712 0.26481292517006805
2 0.9044117647058824 0.7993197278911565 0.1423630831643002 0.14091836734693877
2 0.0794421906693712 0.828469387755102 0.15219066937119677 0.11661564625850339