5 0.5472198275862069 0.3983419689119171 0.12633620689655173 0.36917098445595853
5 0.4179310344827586 0.41450777202072536 0.12907327586206896 0.34974093264248707
6 0.3149137931034483 0.40963730569948187 0.07120689655172413 0.32709844559585494
6 0.6529525862068966 0.40316062176165807 0.08515086206896551 0.32709844559585494
4 0.7357758620689655 0.39347150259067354 0.07844827586206896 0.3529533678756477
4 0.24017241379310345 0.38860103626943004 0.0752801724137931 0.36917098445595853
1 0.7990732758620689 0.41290155440414505 0.0515301724137931 0.2558549222797928
1 0.18428879310344828 0.41129533678756475 0.04161637931034483 0.30440414507772023
3 0.8428448275862068 0.3999481865284974 0.03941810344827586 0.2558549222797928
3 0.14657327586206897 0.40316062176165807 0.03625 0.2882383419689119
0 0.8866163793103448 0.3724352331606217 0.05157327586206897 0.25906735751295334
0 0.10549568965517242 0.3675647668393782 0.05107758620689655 0.3076683937823834
2 0.9256681034482759 0.31088082901554404 0.03002155172413793 0.16191709844559585
5 0.5425 0.7173056994818653 0.07650862068965517 0.25580310880829016
5 0.4670905172413793 0.7173056994818653 0.07114224137931034 0.24284974093264247
6 0.6212931034482758 0.6930051813471503 0.07838362068965517 0.2655440414507772
6 0.385603448275862 0.7075647668393783 0.07790948275862068 0.26227979274611396
4 0.6994181034482758 0.7010880829015544 0.07573275862068965 0.29466321243523314
4 0.3041379310344828 0.7253886010362695 0.08467672413793104 0.3238341968911917
1 0.7701293103448276 0.6541450777202072 0.06094827586206897 0.24611398963730569
1 0.22670258620689654 0.6784455958549223 0.07258620689655172 0.20398963730569947
3 0.8199568965517241 0.64279792746114 0.06096982758620689 0.20398963730569947
3 0.18090517241379309 0.6590155440414508 0.05644396551724138 0.19751295336787564
0 0.868426724137931 0.6152849740932642 0.06099137931034483 0.20077720207253885
0 0.12637931034482758 0.676839378238342 0.060495689655172415 0.2266839378238342
2 0.9202801724137931 0.5473056994818652 0.04349137931034483 0.16191709844559585
2 0.09068965517241379 0.5909844559585492 0.05377155172413793 0.13922279792746114