5 0.5467741935483871 0.12133333333333333 0.1436251920122888 0.12990196078431374
5 0.3979877112135176 0.125 0.149431643625192 0.12745098039215685
6 0.2895238095238095 0.19852941176470587 0.10915514592933948 0.11764705882352941
6 0.6542857142857142 0.19117647058823528 0.12053763440860214 0.10784313725490197
4 0.2376958525345622 0.30760784313725487 0.1245468509984639 0.15931372549019607
4 0.7272350230414747 0.27941176470588236 0.11666666666666667 0.15196078431372548
1 0.19450076804915514 0.4411764705882353 0.1495084485407066 0.15196078431372548
1 0.768494623655914 0.4252549019607843 0.1454531490015361 0.14460784313725492
3 0.20792626728110603 0.5857843137254902 0.1648694316436252 0.1323529411764706
3 0.8020890937019969 0.5637254901960784 0.15887864823348696 0.14215686274509803
0 0.1724116743471582 0.7573529411764706 0.1744700460829493 0.24509803921568626
0 0.8414439324116743 0.7279411764705882 0.18382488479262674 0.25980392156862747
2 0.09850998463901689 0.8946078431372549 0.164900153609831 0.19607843137254902
2 0.9067281105990783 0.8823529411764706 0.16459293394777266 0.1715686274509804