5 0.5674018126888217 0.35984848484848486 0.1344108761329305 0.5429292929292929
5 0.43400302114803624 0.37247474747474746 0.13697885196374623 0.5513636363636364
6 0.6813293051359517 0.3387878787878788 0.09090634441087614 0.4756060606060606
6 0.31821752265861025 0.3661616161616162 0.08919939577039275 0.4713636363636364
4 0.7669184290030211 0.30303030303030304 0.07584592145015105 0.4713636363636364
4 0.2376737160120846 0.3577272727272727 0.07161631419939576 0.462979797979798
1 0.8311027190332327 0.2945959595959596 0.04817220543806647 0.40404040404040403
1 0.1848036253776435 0.343030303030303 0.046465256797583086 0.382979797979798
3 0.8732628398791541 0.28828282828282825 0.039380664652567975 0.30722222222222223
3 0.14580060422960725 0.34934343434343434 0.033882175226586105 0.3451010101010101
0 0.9141691842900301 0.2335858585858586 0.04569486404833837 0.30722222222222223
0 0.11558912386706947 0.3198484848484848 0.03137462235649547 0.30303030303030304
2 0.9538066465256797 0.13045454545454543 0.03438066465256798 0.21883838383838383
2 0.08664652567975831 0.263030303030303 0.028882175226586104 0.23146464646464646
5 0.5378549848942599 0.7449494949494949 0.08078549848942598 0.361969696969697
5 0.45163141993957706 0.7302020202020203 0.07657099697885196 0.34934343434343434
6 0.622809667673716 0.7386363636363636 0.08459214501510574 0.3745959595959596
6 0.3647885196374622 0.7428282828282828 0.08666163141993957 0.34934343434343434
4 0.7134290030211481 0.7070707070707071 0.09722054380664652 0.39560606060606057
4 0.2836102719033233 0.7638888888888888 0.07788519637462236 0.4082323232323232
1 0.7845317220543807 0.6355050505050505 0.07081570996978852 0.3114646464646465
1 0.22131419939577038 0.6923232323232323 0.06406344410876133 0.29883838383838385
3 0.8411631419939577 0.585 0.06077039274924471 0.23570707070707073
3 0.17222054380664653 0.6544444444444445 0.05401812688821752 0.24833333333333335
0 0.9015861027190333 0.5134848484848485 0.060785498489425986 0.24409090909090908
0 0.1313141993957704 0.5997474747474747 0.045226586102719034 0.19782828282828283
2 0.9468882175226586 0.3787878787878788 0.043187311178247735 0.21883838383838383
2 0.09986404833836858 0.5008585858585859 0.03767371601208459 0.14308080808080806