5 0.530632183908046 0.4228571428571429 0.1434051724137931 0.42763066202090594
5 0.38764367816091955 0.4323693379790941 0.1421551724137931 0.43397212543554003
5 0.5123563218390805 0.7855400696864111 0.08594827586206896 0.2977351916376307
5 0.4261637931034483 0.7982229965156794 0.0885919540229885 0.2977351916376307
6 0.2727155172413793 0.4181184668989547 0.0873419540229885 0.3294425087108014
6 0.3340948275862069 0.7728919860627177 0.0951580459770115 0.3167595818815331
6 0.6024712643678161 0.7506968641114982 0.09636494252873562 0.3167595818815331
6 0.6520833333333333 0.39278745644599306 0.09635057471264367 0.3294425087108014
4 0.7408908045977011 0.34526132404181187 0.07803160919540231 0.38010452961672475
4 0.19241379310344825 0.38010452961672475 0.07301724137931034 0.3420905923344948
4 0.2511781609195402 0.7570383275261324 0.06777298850574713 0.3611149825783972
4 0.6978017241379311 0.7412195121951219 0.08849137931034483 0.38010452961672475
1 0.8127298850574712 0.28665505226480836 0.06564655172413793 0.31993031358885016
1 0.13298850574712645 0.3420905923344948 0.045617816091954026 0.2914285714285714
1 0.18849137931034482 0.6604529616724739 0.05472701149425288 0.21857142857142856
1 0.7755028735632183 0.6097560975609756 0.06887931034482758 0.2755749128919861
0 0.08663793103448275 0.2628919860627178 0.04432471264367816 0.20905923344947736
0 0.8760632183908046 0.234390243902439 0.06175287356321839 0.25341463414634147
0 0.1427873563218391 0.5939024390243902 0.05997126436781609 0.19954703832752615
0 0.8290373563218391 0.546411149825784 0.07669540229885058 0.19954703832752615
2 0.04745689655172414 0.2122299651567944 0.031278735632183904 0.16470383275261324
2 0.08206896551724138 0.4640418118466899 0.05346264367816092 0.18689895470383275
2 0.9394109195402299 0.16313588850174215 0.06308908045977012 0.2249128919860627
2 0.9093534482758621 0.41337979094076654 0.08580459770114943 0.2502439024390244