5 0.5466349206349206 0.3762755102040816 0.14522222222222222 0.5314795918367347
5 0.4051269841269841 0.3868877551020408 0.13733333333333334 0.5612244897959183
6 0.6683174603174603 0.34224489795918367 0.09552380952380952 0.48892857142857143
6 0.2874285714285714 0.38051020408163266 0.09506349206349206 0.4804591836734694
4 0.7562698412698412 0.31035714285714283 0.081 0.4677040816326531
4 0.20080952380952383 0.38479591836734695 0.07525396825396825 0.4549489795918367
1 0.8243809523809524 0.308265306122449 0.05325396825396825 0.3784183673469388
1 0.14326984126984127 0.36137755102040814 0.042222222222222223 0.3911734693877551
3 0.8713174603174603 0.30612244897959184 0.038730158730158726 0.30612244897959184
3 0.10492063492063491 0.3635204081632653 0.0343015873015873 0.34438775510204084
0 0.9136507936507937 0.2508673469387755 0.04668253968253968 0.2976020408163265
0 0.07185714285714286 0.32948979591836736 0.0343015873015873 0.3018877551020408
2 0.9533174603174603 0.14668367346938777 0.028174603174603175 0.2338265306122449
2 0.04211111111111111 0.27 0.022412698412698412 0.21683673469387754
5 0.5188730158730158 0.7546938775510204 0.08487301587301588 0.3529081632653061
5 0.4256190476190476 0.7589285714285714 0.08574603174603175 0.3529081632653061
6 0.335031746031746 0.7504081632653062 0.0923968253968254 0.36137755102040814
6 0.6094603174603175 0.7567857142857144 0.09096825396825398 0.3741326530612245
4 0.7007301587301586 0.7270408163265306 0.08892063492063493 0.40816326530612246
4 0.24642857142857144 0.7653061224489796 0.0844920634920635 0.3826530612244898
1 0.7794126984126983 0.625 0.06911111111111111 0.3486224489795918
1 0.1822857142857143 0.7079081632653061 0.06996825396825397 0.29336734693877553
3 0.8376031746031747 0.6016326530612245 0.0559047619047619 0.21683673469387754
3 0.13203174603174606 0.665408163265306 0.04882539682539683 0.2338265306122449
0 0.8990952380952381 0.5208163265306123 0.059904761904761905 0.22535714285714287
0 0.09103174603174603 0.6080102040816326 0.05149206349206349 0.18709183673469387
2 0.9473650793650794 0.3868877551020408 0.042730158730158736 0.21260204081632653
2 0.05598412698412699 0.5102040816326531 0.03695238095238095 0.16158163265306125