5 0.5813848631239936 0.3442857142857143 0.1607246376811594 0.4761776061776062
5 0.41903381642512083 0.32656370656370654 0.1634782608695652 0.4665250965250965
6 0.7155555555555556 0.3555212355212355 0.10433172302737521 0.39575289575289574
6 0.2895813204508857 0.3169111969111969 0.09241545893719808 0.42150579150579154
5 0.5538808373590982 0.7625482625482626 0.09499194847020934 0.3667953667953668
5 0.4572785829307569 0.7174903474903476 0.09504025764895331 0.3217374517374517
6 0.3606924315619968 0.7062548262548262 0.09776167471819645 0.3506949806949807
6 0.6524959742351046 0.7159073359073359 0.10167471819645733 0.3313899613899614
4 0.8081481481481482 0.37324324324324326 0.08085346215780999 0.43756756756756754
4 0.20304347826086958 0.3088803088803089 0.07768115942028986 0.43115830115830117
4 0.26610305958132047 0.674054054054054 0.09107890499194847 0.29277992277992276
4 0.7443961352657005 0.7303861003861003 0.07882447665056361 0.35393822393822394
1 0.8611433172302737 0.4279150579150579 0.039291465378421896 0.28957528957528955
1 0.14871175523349436 0.34266409266409265 0.03342995169082126 0.27347490347490344
3 0.8933333333333333 0.41505791505791506 0.028566827697262476 0.2252123552123552
3 0.12120772946859902 0.3313899613899614 0.02405797101449275 0.19305019305019305
1 0.1943156199677939 0.6450965250965252 0.07634460547504025 0.2413127413127413
1 0.8188727858293076 0.7142857142857143 0.06671497584541063 0.23810810810810812
3 0.14468599033816423 0.5952509652509652 0.04953301127214171 0.19305019305019305
3 0.8644927536231884 0.6708494208494209 0.04792270531400966 0.17694980694980694
0 0.9342673107890498 0.37324324324324326 0.05407407407407407 0.23810810810810812
0 0.0910144927536232 0.2976061776061776 0.0334621578099839 0.1833976833976834
0 0.10576489533011273 0.5340926640926641 0.0737037037037037 0.1994980694980695
0 0.9060708534621578 0.6113127413127414 0.055958132045088566 0.17374517374517376
2 0.05814814814814815 0.2396911196911197 0.029436392914653785 0.15123552123552125
2 0.05747181964573268 0.4295366795366795 0.06835748792270532 0.18984555984555984
2 0.9409661835748793 0.5196138996138997 0.045201288244766505 0.15123552123552125