5 0.5446507936507936 0.3762755102040816 0.1439047619047619 0.5569897959183674
5 0.4018095238095238 0.393265306122449 0.1413015873015873 0.548469387755102
6 0.28346031746031747 0.3868877551020408 0.0924126984126984 0.47617346938775507
6 0.6623492063492064 0.3529081632653061 0.0936031746031746 0.4846938775510204
4 0.1974920634920635 0.37204081632653063 0.07922222222222222 0.46341836734693875
4 0.7503015873015872 0.316734693877551 0.08166666666666667 0.4719387755102041
1 0.8204126984126985 0.3125 0.058555555555555555 0.3868877551020408
1 0.14261904761904762 0.3592857142857143 0.04619047619047619 0.3784183673469388
3 0.8673492063492063 0.3018877551020408 0.038730158730158726 0.31464285714285717
3 0.10293650793650792 0.350765306122449 0.032984126984126984 0.3358673469387755
0 0.9083492063492064 0.25510204081632654 0.044031746031746026 0.31464285714285717
0 0.06855555555555555 0.33163265306122447 0.032984126984126984 0.3231122448979592
2 0.9513333333333334 0.14244897959183675 0.04007936507936508 0.2423469387755102
2 0.04012698412698413 0.26785714285714285 0.026380952380952383 0.25510204081632654
5 0.5155555555555555 0.8099489795918368 0.08571428571428572 0.3018877551020408
5 0.4223174603174603 0.8078061224489796 0.08442857142857142 0.28061224489795916
6 0.6068095238095238 0.782295918367347 0.09096825396825398 0.35714285714285715
6 0.33371428571428574 0.7865816326530611 0.08976190476190475 0.3231122448979592
4 0.700047619047619 0.7504081632653062 0.08961904761904763 0.3868877551020408
4 0.24511111111111109 0.7908163265306123 0.08450793650793652 0.3656632653061225
1 0.7787301587301587 0.6823979591836735 0.06974603174603174 0.2593367346938775
1 0.17766666666666667 0.7355612244897959 0.06865079365079366 0.26362244897959186
3 0.8362698412698413 0.6122448979591837 0.049888888888888885 0.22107142857142856
3 0.12542857142857142 0.6696428571428571 0.051476190476190474 0.2508673469387755
0 0.8970952380952381 0.5335714285714286 0.06838095238095238 0.2423469387755102
0 0.08442857142857142 0.6186224489795918 0.054142857142857145 0.1828061224489796
2 0.9486825396825396 0.393265306122449 0.03926984126984127 0.1998469387755102
2 0.05268253968253968 0.5165816326530612 0.033 0.14030612244897958