5 0.573014804845222 0.3755656108597285 0.1194885598923284 0.5882352941176471
5 0.4559488559892328 0.38009049773755654 0.11685060565275908 0.5882352941176471
5 0.5501480484522208 0.8144796380090498 0.08181695827725437 0.28054298642533937
5 0.4707537012113055 0.8144796380090498 0.07916554508748318 0.2895927601809955
6 0.34694481830417223 0.3438914027149321 0.09804845222072678 0.497737556561086
6 0.38597577388963655 0.7918552036199095 0.08995962314939435 0.39819004524886875
6 0.6786541049798116 0.3190045248868778 0.0911978465679677 0.5113122171945701
6 0.6349125168236878 0.7692307692307693 0.08448183041722745 0.3891402714932127
4 0.758721399730821 0.3009049773755656 0.06559892328398385 0.5475113122171946
4 0.25545087483176315 0.3597285067873303 0.07924629878869449 0.5294117647058824
4 0.30119784656796766 0.7918552036199095 0.0792328398384926 0.416289592760181
4 0.714306864064603 0.7828054298642534 0.06830417227456258 0.416289592760181
1 0.8172543741588156 0.35294117647058826 0.04807537012113055 0.4434389140271493
1 0.19018842530282637 0.39819004524886875 0.04562584118438762 0.38009049773755654
1 0.226514131897712 0.8099547511312217 0.06445491251682368 0.37104072398190047
1 0.7802557200538358 0.746606334841629 0.06020188425302826 0.334841628959276
3 0.8360969044414536 0.7330316742081447 0.04807537012113055 0.3076923076923077
3 0.17201884253028263 0.7805429864253394 0.04429340511440107 0.34841628959276016
3 0.8603230148048453 0.36877828054298645 0.03267833109017497 0.4117647058823529
3 0.14376850605652758 0.3597285067873303 0.049676985195154774 0.3755656108597285
0 0.0858950201884253 0.3891402714932127 0.06047106325706595 0.3257918552036199
0 0.12088829071332435 0.7239819004524887 0.05776581426648721 0.3257918552036199
0 0.9067563930013459 0.3438914027149321 0.06095558546433378 0.3438914027149321
0 0.8872274562584119 0.6742081447963801 0.05343203230148049 0.27149321266968324
2 0.07716016150740242 0.6447963800904978 0.0322207267833109 0.167420814479638
2 0.9222207267833109 0.5927601809954751 0.0480349932705249 0.14479638009049775
2 0.9538492597577389 0.332579185520362 0.03405114401076716 0.2579185520361991