5 0.5252209944751381 0.4102112676056338 0.14888121546961328 0.4753521126760563
5 0.37538674033149166 0.41725352112676056 0.14204419889502762 0.44014084507042256
5 0.5017403314917127 0.7411971830985915 0.07984806629834254 0.17253521126760563
5 0.41475138121546956 0.7341549295774648 0.07711325966850828 0.1936619718309859
6 0.25593922651933704 0.397887323943662 0.09650552486187845 0.4154929577464789
6 0.32015193370165745 0.7200704225352113 0.07577348066298342 0.1795774647887324
6 0.6550276243093923 0.4119718309859155 0.10464088397790056 0.4507042253521127
6 0.5873618784530387 0.7447183098591549 0.09085635359116022 0.2007042253521127
4 0.7454972375690608 0.3538732394366197 0.07629834254143647 0.43309859154929575
4 0.17446132596685082 0.30809859154929575 0.06616022099447513 0.4119718309859155
4 0.2386740331491713 0.704225352112676 0.08408839779005525 0.24647887323943662
4 0.685414364640884 0.75 0.09911602209944752 0.3591549295774648
1 0.8159254143646409 0.34507042253521125 0.06251381215469613 0.2887323943661972
1 0.12267955801104971 0.29225352112676056 0.03718232044198895 0.23943661971830985
1 0.16617403314917129 0.6109154929577465 0.06339779005524862 0.2007042253521127
1 0.7682734806629834 0.6778169014084507 0.06870165745856353 0.24295774647887325
3 0.8725414364640884 0.323943661971831 0.0487292817679558 0.2746478873239437
3 0.09160220994475138 0.21830985915492956 0.024765193370165747 0.1619718309859155
3 0.12889502762430938 0.5052816901408451 0.04685082872928177 0.16549295774647887
0 0.8373204419889503 0.5950704225352113 0.06591160220994476 0.20422535211267606
0 0.9305524861878454 0.22887323943661972 0.06255524861878453 0.2323943661971831
2 0.9056767955801105 0.47183098591549294 0.06450276243093923 0.23943661971830985
0 0.09022099447513811 0.36971830985915494 0.027527624309392266 0.13380281690140844