5 0.5645852187028657 0.2919791666666667 0.14093514328808446 0.3503819444444444
5 0.4226998491704374 0.2840972222222222 0.14235294117647057 0.35986111111111113
6 0.6907390648567119 0.24937499999999999 0.10588235294117647 0.3093402777777778
6 0.2993212669683258 0.24461805555555557 0.09579185520361991 0.29986111111111113
4 0.7839517345399698 0.2178125 0.08398190045248868 0.35354166666666664
4 0.210211161387632 0.22253472222222223 0.08211161387631975 0.33774305555555556
1 0.8545550527903469 0.19413194444444443 0.057963800904977374 0.24305555555555555
1 0.14782805429864254 0.22885416666666666 0.06158371040723982 0.24937499999999999
3 0.901161387631976 0.17517361111111113 0.038778280542986425 0.17993055555555557
3 0.11355957767722474 0.22253472222222223 0.03143288084464555 0.15468749999999998
0 0.9368024132730015 0.14836805555555554 0.03057315233785822 0.14520833333333333
0 0.07722473604826546 0.16729166666666667 0.03829562594268477 0.17677083333333332
5 0.5378582202111615 0.7528472222222222 0.09844645550527903 0.3314236111111111
5 0.4446304675716441 0.7544097222222222 0.08476621417797889 0.3156597222222222
6 0.3582654600301659 0.7591666666666667 0.0930316742081448 0.31881944444444443
6 0.6331372549019607 0.7228472222222222 0.08333333333333333 0.2967013888888889
4 0.7195022624434388 0.7212847222222222 0.08877828054298642 0.3567013888888889
4 0.26778280542986427 0.7402083333333334 0.08484162895927602 0.3440625
1 0.7990196078431373 0.6423611111111112 0.07503770739064856 0.2935763888888889
1 0.19580693815987932 0.6786458333333333 0.07526395173453997 0.3030208333333333
3 0.8504374057315234 0.5571180555555555 0.05794871794871795 0.21149305555555553
3 0.143710407239819 0.6518402777777778 0.06705882352941177 0.25569444444444445
0 0.90184012066365 0.4908333333333334 0.07500754147812971 0.24305555555555555
0 0.09984917043740574 0.5381944444444444 0.06434389140271493 0.23041666666666666
2 0.9361085972850679 0.35354166666666664 0.05306184012066365 0.18309027777777775
2 0.07791855203619909 0.3614236111111111 0.06159879336349925 0.19885416666666667