5 0.5477710109622412 0.3617804878048781 0.1715834348355664 0.458
5 0.37863580998781976 0.3699268292682927 0.1635322777101096 0.44173170731707323
6 0.6878440925700365 0.3631463414634146 0.10856272838002436 0.42275609756097565
6 0.24468940316686966 0.3346829268292683 0.10674786845310597 0.44714634146341464
4 0.797454323995128 0.3319756097560976 0.11131546894031669 0.458
4 0.1425213154689403 0.31978048780487806 0.09730816077953715 0.45529268292682923
1 0.8894640682095006 0.31978048780487806 0.076163215590743 0.3902439024390244
1 0.06472594397076736 0.295390243902439 0.05809987819732034 0.3902439024390244
3 0.9530572472594397 0.3008048780487805 0.05995127892813642 0.39565853658536587
3 0.023459196102314252 0.3048780487804878 0.035115712545676005 0.3441707317073171
0 0.9861023142509135 0.32656097560975605 0.02779537149817296 0.3062439024390244
5 0.5261510353227772 0.6991951219512196 0.10443361753958587 0.24390243902439024
5 0.4226309378806334 0.7195121951219512 0.10574908647990255 0.24660975609756097
6 0.6357490864799026 0.6829268292682927 0.11529841656516443 0.2547317073170732
6 0.31438489646772233 0.6842926829268293 0.10571254567600488 0.27370731707317075
4 0.7460292326431182 0.7019024390243902 0.10587088915956151 0.3468780487804878
4 0.20884287454323996 0.6951219512195121 0.11107186358099878 0.3550243902439024
1 0.8339707673568819 0.6653170731707316 0.06801461632155908 0.3766829268292683
1 0.12292326431181486 0.6666585365853658 0.06639464068209501 0.33063414634146343
3 0.05863580998781973 0.6490487804878049 0.0648721071863581 0.3224878048780488
3 0.9063702801461632 0.6517560975609756 0.07751522533495737 0.32790243902439026
0 0.972667478684531 0.6436341463414634 0.05317904993909866 0.31165853658536585
0 0.019403166869671133 0.6355121951219512 0.0379537149817296 0.31165853658536585