5 0.5769230769230769 0.4020940170940171 0.1436651583710407 0.5244871794871795
5 0.4329713423831071 0.4156837606837607 0.14098039215686275 0.5128205128205128
6 0.3123378582202112 0.3671367521367521 0.09989441930618402 0.4700854700854701
6 0.6989592760180996 0.371025641025641 0.09766214177978884 0.5011538461538462
4 0.22254901960784315 0.3496581196581196 0.07936651583710407 0.44290598290598293
4 0.7914932126696832 0.3554700854700855 0.08535444947209654 0.4933760683760684
1 0.8566063348416288 0.3341025641025641 0.06755656108597285 0.3729487179487179
1 0.15743589743589742 0.3069230769230769 0.05060331825037707 0.3651709401709402
3 0.903212669683258 0.29525641025641025 0.053861236802413275 0.3341025641025641
3 0.11355957767722474 0.26611111111111113 0.04239819004524887 0.32243589743589746
0 0.9477677224736049 0.22726495726495727 0.04153846153846154 0.23696581196581198
0 0.07242835595776773 0.19811965811965812 0.042413273001508295 0.2874786324786325
5 0.5570588235294117 0.7867094017094017 0.0907390648567119 0.3613247863247863
5 0.4631372549019608 0.7750427350427351 0.09161387631975867 0.35354700854700855
6 0.3651131221719457 0.7614529914529915 0.10399698340874812 0.3962820512820513
6 0.6502714932126696 0.7536752136752137 0.0929260935143288 0.35743589743589743
4 0.7393815987933635 0.7245726495726497 0.08191553544494722 0.32243589743589746
4 0.2643589743589744 0.7226068376068376 0.0944343891402715 0.3496581196581196
1 0.8106787330316743 0.6235470085470085 0.057933634992458516 0.23696581196581198
1 0.18965309200603317 0.6118803418803419 0.05745098039215687 0.26807692307692305
3 0.8572850678733032 0.5613675213675214 0.03601809954751131 0.19811965811965812
3 0.15057315233785823 0.5322649572649573 0.05883861236802413 0.19423076923076923
0 0.10739064856711916 0.47397435897435897 0.0465158371040724 0.17094017094017094