5 0.5438863287250384 0.125 0.13786482334869432 0.14215686274509803
5 0.4037480798771121 0.13113725490196076 0.14559139784946237 0.14460784313725492
6 0.6504608294930876 0.18872549019607843 0.1175115207373272 0.10294117647058823
6 0.2895238095238095 0.20588235294117646 0.09763440860215054 0.12745098039215685
4 0.7253302611367127 0.28431372549019607 0.11370199692780338 0.16666666666666666
4 0.23385560675883257 0.31250980392156863 0.12070660522273426 0.15931372549019607
1 0.766605222734255 0.4215686274509804 0.14634408602150537 0.1568627450980392
1 0.19448540706605222 0.44607843137254904 0.15334869431643625 0.15196078431372548
3 0.8001996927803379 0.5576078431372549 0.1559600614439324 0.15931372549019607
3 0.20984639016897083 0.5906862745098039 0.15718894009216589 0.13725490196078433
0 0.8434101382488478 0.7303921568627451 0.18093701996927805 0.25
0 0.17145929339477728 0.7561372549019608 0.18023041474654378 0.24754901960784315
2 0.907711213517665 0.8835882352941177 0.16367127496159753 0.18872549019607843
2 0.0956221198156682 0.8921568627450981 0.15913978494623654 0.20098039215686275