5 0.39454545454545453 0.40280966767371607 0.179537750385208 0.48338368580060426
5 0.23408320493066254 0.37891238670694866 0.13852080123266564 0.49598187311178243
6 0.5550539291217258 0.37513595166163144 0.14403697996918335 0.47332326283987913
6 0.12946070878274268 0.3638066465256798 0.07050847457627119 0.41540785498489424
4 0.6872727272727273 0.3474320241691843 0.11841294298921416 0.5085498489425982
4 0.08003081664098613 0.3285498489425982 0.05640986132511556 0.42045317220543804
1 0.792542372881356 0.3725981873111782 0.09020030816640986 0.38770392749244714
3 0.8836979969183358 0.3814199395770393 0.09024653312788906 0.33483383685800605
0 0.9645608628659477 0.33105740181268883 0.06892141756548535 0.31972809667673713
5 0.35026194144838213 0.7351359516616315 0.10124807395993836 0.28700906344410876
5 0.259753466872111 0.7250755287009063 0.08459167950693375 0.2719033232628399
6 0.45234206471494603 0.7326283987915407 0.10291217257318953 0.31722054380664655
6 0.1865793528505393 0.693595166163142 0.06921417565485362 0.2593051359516616
4 0.5627426810477658 0.7225679758308157 0.12349768875192604 0.367583081570997
4 0.1320184899845917 0.6961329305135951 0.05254237288135594 0.2845015105740181
1 0.6846995377503852 0.7729003021148037 0.11839753466872112 0.4330211480362538
3 0.795115562403698 0.7540181268882176 0.097904468412943 0.42546827794561937
0 0.9067950693374422 0.6822658610271903 0.12617873651771958 0.3423867069486405
2 0.9731895223420648 0.606737160120846 0.0536055469953775 0.23163141993957703