5 0.573014804845222 0.36425339366515835 0.1141049798115747 0.583710407239819
5 0.4546029609690444 0.3665158371040724 0.11954239569313592 0.579185520361991
6 0.6766487213997309 0.31447963800904977 0.09047106325706594 0.4841628959276018
6 0.34559892328398384 0.34615384615384615 0.09266487213997307 0.4660633484162896
4 0.7560430686406461 0.2918552036199095 0.06358008075370121 0.5113122171945701
4 0.25746971736204577 0.3552036199095023 0.08059219380888291 0.502262443438914
1 0.8139030955585465 0.3416289592760181 0.04745625841184387 0.42081447963800905
1 0.18951547779273217 0.38687782805429866 0.04966352624495289 0.3936651583710407
3 0.8549394347240915 0.34615384615384615 0.03266487213997308 0.4117647058823529
3 0.14040376850605651 0.34841628959276016 0.04833109017496635 0.3438914027149321
0 0.9054104979811575 0.33710407239819007 0.06901749663526245 0.31221719457013575
0 0.0852220726783311 0.3914027149321267 0.05912516823687752 0.3031674208144796
2 0.9498115746971737 0.3212669683257919 0.03135935397039031 0.22624434389140272
5 0.5488021534320323 0.7714932126696833 0.07913862718707941 0.3665158371040724
5 0.466043068640646 0.7647058823529411 0.0805114401076716 0.37104072398190047
6 0.6295558546433379 0.7647058823529411 0.08236877523553163 0.4072398190045249
6 0.3832839838492597 0.7669683257918553 0.0818842530282638 0.40271493212669685
4 0.7089502018842531 0.7375565610859729 0.07433378196500673 0.47058823529411764
4 0.3018707940780619 0.753393665158371 0.07518169582772544 0.43891402714932126
1 0.777563930013459 0.7262443438914027 0.055518169582772545 0.4117647058823529
1 0.22786002691790042 0.7782805429864253 0.06714670255720054 0.35294117647058826
3 0.8334185733512787 0.7171945701357466 0.054185733512786 0.31221719457013575
3 0.1693270524899058 0.7737556561085973 0.049676985195154774 0.3167420814479638
0 0.8872409152086138 0.6606334841628959 0.05152086137281292 0.26244343891402716
0 0.12559892328398384 0.7081447963800905 0.061803499327052494 0.2850678733031674
2 0.9208748317631226 0.5678733031674208 0.04884253028263795 0.17647058823529413
2 0.09195154777927321 0.6334841628959276 0.06449528936742935 0.19004524886877827