5 0.562336578581363 0.3283582089552239 0.1350069541029207 0.3853432835820896
5 0.42833101529902645 0.32564179104477614 0.12748261474269817 0.39077611940298507
6 0.31835883171070933 0.32970149253731346 0.08959666203059806 0.33379104477611937
6 0.6773991655076496 0.33650746268656717 0.0976356050069541 0.34734328358208955
4 0.2387204450625869 0.26865671641791045 0.0643393602225313 0.417910447761194
4 0.7646175243393603 0.29850746268656714 0.07490959666203059 0.417910447761194
1 0.8246592489568845 0.33785074626865674 0.04838664812239221 0.27408955223880593
1 0.18310152990264256 0.30122388059701494 0.0441307371349096 0.2876417910447761
3 0.8663838664812239 0.3229253731343284 0.040820584144645344 0.24423880597014924
3 0.14264255910987483 0.2917313432835821 0.03403337969401947 0.23608955223880598
0 0.9087343532684283 0.3093731343283582 0.047148817802503476 0.2225373134328358
0 0.10915159944367177 0.26865671641791045 0.03278164116828929 0.21710447761194032
2 0.9409596662030597 0.2659402985074627 0.020611961057023644 0.16283582089552237
2 0.08639777468706536 0.2225373134328358 0.017621696801112658 0.14653731343283583
5 0.5446453407510431 0.7503283582089553 0.08445062586926286 0.3392238805970149
5 0.45867872044506264 0.7489850746268657 0.0844923504867872 0.34194029850746266
6 0.37208623087621695 0.7354029850746269 0.0908344923504868 0.32564179104477614
6 0.6318636995827538 0.7340597014925373 0.08947148817802503 0.33379104477611937
4 0.7184700973574409 0.7245671641791045 0.08374130737134909 0.33650746268656717
4 0.2930737134909597 0.7259104477611941 0.084547983310153 0.3500597014925373
1 0.786105702364395 0.6960597014925374 0.06732962447844228 0.2957910447761194
1 0.23492350486787203 0.6757014925373135 0.07445062586926286 0.3039402985074627
3 0.838567454798331 0.6322985074626866 0.055980528511821975 0.24967164179104478
3 0.18499304589707927 0.6255223880597015 0.05803894297635605 0.25238805970149253
0 0.8922948539638386 0.5780298507462687 0.06990264255910987 0.21710447761194032
0 0.14517385257301807 0.5508955223880597 0.06942976356050069 0.21167164179104478
2 0.9276912378303199 0.4816716417910448 0.05474269819193324 0.16552238805970151
2 0.11357440890125173 0.45862686567164174 0.05175243393602225 0.15740298507462686