5 0.5873426573426573 0.39882550335570466 0.1382167832167832 0.35879194630872485
5 0.44078671328671326 0.40395973154362413 0.1517132867132867 0.33815436241610736
6 0.6949300699300699 0.37040268456375836 0.07965034965034966 0.2658724832214765
6 0.3312062937062937 0.36268456375838926 0.07243006993006992 0.22456375838926176
4 0.7702272727272728 0.33429530201342283 0.0743006993006993 0.33298657718120805
4 0.24515734265734265 0.2968456375838926 0.09666083916083916 0.3045973154362416
1 0.8199650349650349 0.3162080536912752 0.042045454545454546 0.2658724832214765
1 0.18465034965034965 0.2929865771812081 0.03751748251748252 0.24006711409395975
3 0.8502272727272727 0.33298657718120805 0.03802447552447553 0.18583892617449665
3 0.15104895104895105 0.30587248322147653 0.029475524475524473 0.1884228187919463
0 0.8993006993006992 0.27231543624161075 0.06627622377622377 0.2039261744966443
0 0.10667832167832168 0.24006711409395975 0.059073426573426575 0.17036912751677855
5 0.5631468531468532 0.7395302013422819 0.08765734265734265 0.2555369127516779
5 0.47910839160839164 0.7421140939597316 0.08582167832167832 0.2710402684563758
6 0.6283741258741259 0.7976174496644295 0.07557692307692307 0.2581208053691275
6 0.3930594405594406 0.7305033557046979 0.08585664335664335 0.2581208053691275
4 0.7083741258741258 0.7524496644295302 0.08232517482517483 0.28651006711409394
4 0.31036713286713286 0.6775838926174497 0.08185314685314686 0.2555369127516779
1 0.7567657342657342 0.7188926174496644 0.04739510489510489 0.2555369127516779
1 0.23643356643356644 0.6556375838926174 0.07945804195804196 0.28909395973154367
3 0.7903846153846155 0.6401677852348994 0.05816433566433567 0.20134228187919462
3 0.205506993006993 0.5833892617449664 0.07676573426573426 0.19617449664429532
0 0.8448426573426573 0.5782214765100672 0.07566433566433567 0.2219798657718121
0 0.14094405594405596 0.5162751677852349 0.09534965034965034 0.19100671140939599
2 0.09994755244755245 0.36395973154362415 0.08057692307692309 0.12389261744966444
2 0.8771153846153846 0.4504362416107382 0.048793706293706295 0.14714765100671143