5 0.5439972714870396 0.3996655518394649 0.15387448840381993 0.46488294314381273
5 0.38781718963165074 0.40301003344481606 0.1498362892223738 0.46488294314381273
6 0.6729195088676672 0.3729096989966555 0.10124147339699863 0.4180602006688963
6 0.27053206002728514 0.39297658862876256 0.07894952251023192 0.35785953177257523
4 0.764993178717599 0.33444816053511706 0.0780900409276944 0.38127090301003347
4 0.20028649386084585 0.35785953177257523 0.058512960436562074 0.3745819397993311
1 0.8236425648021828 0.3494983277591973 0.050832196452933145 0.2709030100334448
1 0.15458390177353343 0.36789297658862874 0.0326193724420191 0.26755852842809363
3 0.8563710777626194 0.3411371237458194 0.026289222373806275 0.17391304347826086
3 0.1259481582537517 0.3695652173913043 0.021718963165075034 0.17725752508361203
0 0.8843383356070942 0.27591973244147155 0.033124147339699865 0.15719063545150502
5 0.5242291950886767 0.7157190635451505 0.10068212824010914 0.29431438127090304
5 0.42874488403819916 0.7224080267558528 0.092537517053206 0.3010033444816054
6 0.3366848567530696 0.7040133779264214 0.09120054570259208 0.3110367892976589
6 0.6238199181446111 0.6872909698996655 0.09849931787175989 0.30434782608695654
4 0.711118690313779 0.6521739130434783 0.07671214188267393 0.3879598662207358
4 0.25416098226466577 0.6588628762541806 0.07077762619372442 0.3411371237458194
1 0.7786221009549795 0.580267558528428 0.05900409276944066 0.26421404682274247
1 0.19210095497953616 0.6220735785953178 0.05306957708049113 0.26755852842809363
3 0.829099590723056 0.5535117056856187 0.04264665757162347 0.14381270903010032
3 0.15050477489768074 0.5819397993311036 0.0326193724420191 0.16722408026755853
0 0.8631923601637108 0.479933110367893 0.03993178717598909 0.1505016722408027
0 0.12731241473396998 0.5317725752508361 0.029904502046384722 0.14715719063545152