5 0.5477029360967185 0.315764192139738 0.1431951640759931 0.409825327510917
5 0.39295336787564766 0.31912663755458515 0.13927461139896374 0.39637554585152834
6 0.28070811744386875 0.295589519650655 0.08751295336787565 0.33589519650655025
6 0.6652677029360967 0.314061135371179 0.09461139896373057 0.36615720524017464
4 0.20036269430051815 0.30231441048034935 0.06761658031088083 0.36951965065502185
4 0.7509499136442142 0.3258515283842795 0.0773747841105354 0.4031004366812227
1 0.8080656303972367 0.3946724890829694 0.06145077720207254 0.33925764192139735
1 0.14390328151986181 0.3207860262008733 0.042400690846286705 0.29895196506550215
3 0.8432642487046632 0.4198689956331878 0.03623488773747841 0.25528384279475985
3 0.11269430051813471 0.334235807860262 0.041088082901554406 0.29895196506550215
0 0.8738169257340241 0.4131877729257642 0.04687392055267703 0.22842794759825327
0 0.07749568221070811 0.3291703056768559 0.034455958549222794 0.2418340611353712
2 0.9103454231433507 0.3812663755458515 0.03492227979274611 0.19148471615720525
5 0.5158203799654577 0.6566812227074236 0.087426597582038 0.352707423580786
5 0.4261658031088083 0.648296943231441 0.08879101899827288 0.3627947598253275
6 0.3298618307426598 0.6365502183406114 0.09279792746113989 0.352707423580786
6 0.6068048359240069 0.6583842794759825 0.09138169257340241 0.36951965065502185
4 0.6858549222797927 0.6734934497816594 0.07203799654576856 0.40646288209606984
4 0.244853195164076 0.6096943231441049 0.07955094991364421 0.3459825327510917
1 0.7582556131260794 0.668471615720524 0.07072538860103628 0.3291703056768559
1 0.1691364421416235 0.6365502183406114 0.07426597582037997 0.31912663755458515
3 0.8040759930915371 0.6617467248908296 0.03488773747841105 0.18812227074235807
0 0.844594127806563 0.6348471615720523 0.05217616580310881 0.1948471615720524
0 0.10870466321243523 0.5928820960698691 0.04639032815198618 0.19148471615720525
2 0.8870984455958549 0.5962445414847162 0.033592400690846284 0.15786026200873363
2 0.08146804835924007 0.5374672489082969 0.04507772020725389 0.14109170305676857