5 0.551647855530474 0.1425660964230171 0.1312979683972912 0.12441679626749612
5 0.42375846501128667 0.13867807153965786 0.12005643340857788 0.1425660964230171
6 0.33161399548532733 0.1671850699844479 0.06366817155756208 0.1270139968895801
6 0.6522799097065463 0.1697822706065319 0.06918735891647855 0.11146189735614308
4 0.2714221218961625 0.25790046656298604 0.10883747178329573 0.1425660964230171
4 0.7124604966139955 0.27087091757387244 0.11806997742663657 0.13737169517884915
1 0.2309819413092551 0.3965785381026439 0.13706546275395035 0.1347900466562986
1 0.7491309255079007 0.40695178849144636 0.13874717832957112 0.13996889580093314
3 0.18396162528216706 0.5300622083981337 0.1408352144469526 0.13737169517884915
3 0.787686230248307 0.536547433903577 0.1330925507900677 0.14514774494556765
0 0.15669300225733634 0.6998444790046656 0.16906320541760722 0.22810264385692067
0 0.8187133182844244 0.6998444790046656 0.1612866817155756 0.20217729393468117
2 0.13224604966139955 0.8683203732503889 0.15025959367945824 0.19699844479004666
2 0.8375169300225733 0.8929548989113529 0.16127539503386004 0.17367029548989113