5 0.6382748538011696 0.25685714285714284 0.18042397660818713 0.4386666666666667
5 0.46020467836257306 0.2525396825396825 0.17252923976608187 0.4242539682539682
6 0.3140497076023392 0.25685714285714284 0.11410818713450292 0.3693968253968254
6 0.7784941520467836 0.26695238095238094 0.09735380116959065 0.3607619047619048
4 0.8582163742690058 0.2597460317460317 0.06548245614035088 0.34053968253968253
4 0.21039473684210525 0.25107936507936507 0.09023391812865497 0.3867301587301587
1 0.8974122807017545 0.2525396825396825 0.03494152046783625 0.22799999999999998
1 0.147953216374269 0.2698412698412698 0.053040935672514625 0.2684126984126984
3 0.1001169590643275 0.23231746031746034 0.04242690058479532 0.21066666666666667
0 0.0635672514619883 0.1919047619047619 0.02783625730994152 0.14717460317460318
5 0.6044005847953217 0.784984126984127 0.0993859649122807 0.3232380952380952
5 0.5014181286549708 0.787873015873016 0.1060672514619883 0.3463174603174603
6 0.39710526315789474 0.7864444444444444 0.10478070175438597 0.35498412698412696
6 0.6987426900584796 0.7763492063492063 0.08871345029239766 0.3520952380952381
4 0.3034210526315789 0.7662222222222222 0.08488304093567252 0.38961904761904764
4 0.7811403508771929 0.6984126984126984 0.07274853801169591 0.34053968253968253
1 0.8455847953216374 0.6695555555555556 0.06415204678362574 0.2943809523809524
1 0.22833333333333333 0.7041904761904761 0.08092105263157895 0.3232380952380952
3 0.17519005847953217 0.6074920634920635 0.06233918128654971 0.20492063492063492
0 0.14396198830409357 0.5266984126984127 0.06633040935672514 0.19914285714285712
0 0.8615350877192982 0.5122539682539683 0.04555555555555556 0.1702857142857143
2 0.10741228070175439 0.41558730158730156 0.05172514619883041 0.12698412698412698