5 0.570037688442211 0.37816455696202533 0.14419597989949748 0.4588607594936709
5 0.42747487437185927 0.3876582278481013 0.14047738693467335 0.4588607594936709
6 0.31129396984924623 0.3924050632911392 0.08902010050251256 0.37341772151898733
6 0.6868718592964824 0.35443037974683544 0.09198492462311558 0.3924050632911392
4 0.7697738693467336 0.314873417721519 0.07443467336683417 0.39556962025316456
4 0.22399497487437187 0.3670886075949367 0.08528894472361809 0.3924050632911392
1 0.8243969849246231 0.31645569620253167 0.045565326633165835 0.31645569620253167
1 0.16748743718592965 0.3512658227848101 0.04008793969849246 0.310126582278481
3 0.8570603015075378 0.2990506329113924 0.03552763819095477 0.2879746835443038
3 0.1335678391959799 0.3575949367088608 0.040100502512562815 0.27848101265822783
0 0.8922236180904523 0.3322784810126582 0.03302763819095477 0.17721518987341772
0 0.09086683417085427 0.35917721518987344 0.042638190954773864 0.1930379746835443
2 0.9273994974874372 0.3275316455696203 0.04057788944723618 0.12974683544303797
2 0.05443467336683417 0.34335443037974683 0.032600502512562815 0.14240506329113925
5 0.5267085427135678 0.8370253164556962 0.0701005025125628 0.30063291139240506
5 0.4557412060301507 0.8386075949367089 0.06886934673366835 0.31645569620253167
6 0.3854020100502512 0.8354430379746836 0.0714070351758794 0.31645569620253167
6 0.5995603015075377 0.8386075949367089 0.07510050251256281 0.31645569620253167
4 0.6812060301507538 0.8322784810126582 0.08260050251256282 0.3227848101265823
4 0.30878140703517587 0.8306962025316456 0.08149497487437186 0.3259493670886076
1 0.7515452261306533 0.810126582278481 0.0775502512562814 0.27848101265822783
1 0.2384422110552764 0.8243670886075949 0.06644472361809045 0.2626582278481013
3 0.8131030150753769 0.7579113924050633 0.05309045226130653 0.20569620253164558
3 0.18129396984924623 0.7863924050632911 0.06772613065326633 0.20569620253164558
0 0.8614572864321608 0.7420886075949367 0.06693467336683417 0.20569620253164558
0 0.1285427135678392 0.7325949367088608 0.06020100502512563 0.17405063291139242
2 0.9010175879396985 0.6408227848101266 0.038052763819095475 0.17405063291139242
2 0.10280150753768844 0.6550632911392406 0.04639447236180905 0.13291139240506328