5 0.6055499153976311 0.3724561403508772 0.14287648054145516 0.356280701754386
5 0.45979695431472084 0.36708771929824563 0.15072758037225042 0.36708771929824563
6 0.32901861252115056 0.3724561403508772 0.1104399323181049 0.3076842105263158
6 0.7213874788494078 0.3738245614035088 0.08881556683587141 0.3157894736842105
4 0.8040270727580372 0.37515789473684213 0.07451776649746193 0.3292982456140351
4 0.23142131979695432 0.3522105263157895 0.08966159052453469 0.3373684210526316
1 0.8580203045685278 0.41564912280701755 0.04461928934010152 0.22133333333333333
1 0.16311336717428088 0.38866666666666666 0.05715736040609137 0.25912280701754387
3 0.8886125211505922 0.4304912280701754 0.03291032148900169 0.18624561403508771
3 0.1247208121827411 0.42778947368421055 0.03764805414551607 0.19701754385964912
5 0.5678172588832487 0.7004210526315789 0.09082910321489002 0.2888070175438597
5 0.4708629441624365 0.6882456140350878 0.09998307952622675 0.29150877192982455
6 0.37392554991539767 0.6707017543859649 0.09350253807106598 0.2834035087719298
6 0.6582571912013536 0.6855438596491228 0.08949238578680203 0.302280701754386
4 0.7519627749576988 0.7017543859649122 0.09206429780033841 0.34547368421052627
4 0.2841285956006768 0.6774736842105263 0.08834179357021997 0.31308771929824564
1 0.8196446700507615 0.6801754385964912 0.04851099830795263 0.26449122807017544
1 0.20670050761421319 0.6653333333333333 0.05844331641285956 0.25101754385964914
3 0.8573773265651438 0.6761052631578948 0.030304568527918782 0.17543859649122806
3 0.1650592216582064 0.6518245614035089 0.04023688663282572 0.1808421052631579
0 0.8860067681895093 0.6113333333333333 0.0511336717428088 0.13764912280701752
0 0.12991539763113366 0.6018947368421053 0.05846023688663282 0.14575438596491228