5 0.5953799019607843 0.2961167512690355 0.19303921568627452 0.4794162436548223
5 0.39933823529411766 0.301751269035533 0.19311274509803922 0.47378172588832485
6 0.24481617647058826 0.27213197969543146 0.11556372549019607 0.3919796954314721
6 0.7594240196078432 0.27776649746192894 0.1289950980392157 0.4032741116751269
4 0.8894730392156862 0.23548223350253808 0.1256372549019608 0.45967005076142137
4 0.1468014705882353 0.246751269035533 0.08838235294117648 0.44840101522842635
1 0.9670588235294117 0.26791878172588834 0.06031862745098039 0.3948223350253807
1 0.0903063725490196 0.26086294416243655 0.04346813725490196 0.34687817258883247
3 0.05286764705882353 0.25522842639593907 0.04212009803921568 0.3186802030456853
0 0.02360294117647059 0.20728426395939087 0.04349264705882353 0.3299492385786802
5 0.5926593137254902 0.7755329949238579 0.11952205882352941 0.3665989847715736
5 0.4721691176470588 0.7726903553299492 0.12093137254901962 0.3722588832487309
6 0.3591789215686274 0.7275888324873097 0.10463235294117647 0.3722588832487309
6 0.7008946078431372 0.7416751269035534 0.11540441176470588 0.3778934010152284
4 0.8213725490196079 0.7388578680203046 0.11943627450980392 0.42865482233502533
4 0.2529901960784314 0.7430964467005076 0.1019485294117647 0.44274111675126904
1 0.9200980392156862 0.733223350253807 0.1025 0.3384010152284264
1 0.17403186274509802 0.7007868020304568 0.08563725490196078 0.34687817258883247
3 0.9741053921568628 0.6867005076142132 0.051801470588235296 0.3299492385786802
3 0.1141299019607843 0.7529695431472082 0.08022058823529411 0.40609137055837563
0 0.062401960784313724 0.6782233502538072 0.08295343137254901 0.3412182741116751
2 0.04469362745098039 0.5231218274111675 0.06936274509803922 0.1832994923857868