5 0.5668187744458931 0.365625 0.14704041720990874 0.35
5 0.4214732724902216 0.3578125 0.14057366362451107 0.353125
5 0.5159843546284224 0.79375 0.08970013037809647 0.34375
5 0.4266883963494133 0.809375 0.08582790091264668 0.3625
6 0.2976401564537158 0.3265625 0.10672750977835724 0.315625
6 0.340664928292047 0.7765625 0.08585397653194263 0.321875
6 0.6059322033898306 0.8 0.09228161668839635 0.34375
6 0.6985006518904824 0.3484375 0.11110821382007822 0.353125
4 0.7004302477183834 0.765625 0.0909387222946545 0.4
4 0.25267275097783576 0.759375 0.08719687092568448 0.3625
4 0.20640156453715777 0.3078125 0.07288135593220339 0.340625
4 0.796245110821382 0.303125 0.08177314211212516 0.425
1 0.8470925684485007 0.328125 0.03817470664928292 0.28125
1 0.15361147327249022 0.3 0.02988265971316819 0.275
1 0.1907561929595828 0.7015625 0.06765319426336376 0.271875
1 0.7773402868318123 0.740625 0.06222946544980443 0.3
3 0.12558018252933506 0.2875 0.023376792698826598 0.1875
3 0.16924380704041722 0.6375 0.07157757496740548 0.2125
3 0.8060234680573664 0.690625 0.030938722294654497 0.15625
0 0.8914211212516298 0.3140625 0.04861799217731421 0.240625
0 0.09430247718383311 0.26875 0.036414602346805734 0.21875
0 0.12232073011734028 0.5890625 0.07160365058670144 0.234375
0 0.8490352020860495 0.6390625 0.0726336375488918 0.240625
2 0.9298696219035203 0.2875 0.03168187744458931 0.14375
2 0.06366362451108214 0.2625 0.022086049543676663 0.11875
2 0.08191655801825293 0.503125 0.06640156453715776 0.20625
2 0.8992438070404173 0.5609375 0.06352020860495437 0.234375