5 0.599618320610687 0.3409677419354839 0.20190839694656487 0.5121505376344087
5 0.3914249363867685 0.33956989247311825 0.20867684478371504 0.498010752688172
6 0.7656997455470739 0.33956989247311825 0.12753180661577607 0.43010752688172044
6 0.22071246819338422 0.3353225806451613 0.13778625954198473 0.43295698924731185
4 0.881501272264631 0.2886021505376344 0.10213740458015268 0.4470967741935484
4 0.10287531806615775 0.3239784946236559 0.09765903307888041 0.4498924731182796
1 0.9605089058524173 0.2886021505376344 0.07806615776081424 0.35086021505376347
1 0.03458015267175572 0.3310752688172043 0.06287531806615776 0.3339247311827957
5 0.558117048346056 0.6975268817204302 0.11623409669211196 0.39897849462365587
5 0.4289058524173028 0.7074193548387098 0.1363613231552163 0.4131182795698925
6 0.6806361323155217 0.7102688172043011 0.12020356234096692 0.37349462365591396
6 0.3083969465648855 0.7187096774193549 0.10694656488549618 0.38483870967741934
4 0.7978117048346056 0.6691935483870968 0.11147582697201018 0.427258064516129
4 0.19928753180661576 0.6904301075268816 0.11101781170483462 0.3904838709677419
1 0.9049363867684478 0.6140322580645161 0.11152671755725191 0.33956989247311825
1 0.09351145038167939 0.6182795698924731 0.10033078880407124 0.2631720430107527
3 0.9698727735368957 0.515 0.053969465648854964 0.19806451612903228
3 0.03793893129770992 0.5461290322580645 0.05615776081424936 0.1471505376344086