5 0.5955979643765903 0.3381182795698925 0.20725190839694657 0.4952150537634409
5 0.3907379134860051 0.3296774193548387 0.20465648854961835 0.5008602150537634
5 0.5540966921119592 0.7385483870967742 0.1189058524173028 0.2886021505376344
5 0.42824427480916033 0.7597849462365591 0.1323409669211196 0.3480645161290322
6 0.21669211195928753 0.33247311827956993 0.1431297709923664 0.4386021505376344
6 0.3050636132315522 0.7385483870967742 0.11363867684478371 0.3678494623655914
6 0.6739440203562341 0.7455913978494624 0.12020356234096692 0.31408602150537634
6 0.7643256997455471 0.3339247311827957 0.12417302798982188 0.435752688172043
4 0.8754961832061069 0.2943010752688172 0.09814249363867684 0.435752688172043
4 0.09819338422391859 0.31693548387096776 0.0936386768447837 0.435752688172043
4 0.19259541984732823 0.7074193548387098 0.1083206106870229 0.3565591397849462
4 0.7951145038167939 0.6989247311827957 0.12150127226463105 0.38483870967741934
1 0.9598473282442749 0.2928494623655914 0.07137404580152672 0.35935483870967744
1 0.02989821882951654 0.3268279569892473 0.05618320610687023 0.3197311827956989
1 0.0888295165394402 0.6182795698924731 0.09631043256997456 0.24053763440860215
1 0.9055979643765902 0.643763440860215 0.09867684478371501 0.25747311827956987
3 0.028575063613231554 0.5475268817204302 0.045470737913486006 0.11602150537634408
3 0.9705343511450382 0.5333870967741935 0.04910941475826972 0.12731182795698925