5 0.541268758526603 0.411371237458194 0.15933151432469306 0.46153846153846156
5 0.38578444747612545 0.41471571906354515 0.14847203274215554 0.45484949832775917
5 0.5215006821282401 0.745819397993311 0.09249658935879945 0.20735785953177258
5 0.42806275579809 0.7625418060200669 0.08844474761255115 0.2408026755852843
6 0.269849931787176 0.391304347826087 0.0803137789904502 0.3745819397993311
6 0.3360027285129604 0.7190635451505016 0.09529331514324692 0.27424749163879597
6 0.6722237380627558 0.38127090301003347 0.1019918144611187 0.41471571906354515
6 0.6176671214188267 0.7140468227424749 0.09654843110504774 0.24414715719063546
4 0.1996043656207367 0.36454849498327757 0.0626193724420191 0.3745819397993311
4 0.2527967257844475 0.6906354515050167 0.07077762619372442 0.2909698996655518
4 0.707012278308322 0.6739130434782609 0.08151432469304229 0.3377926421404682
4 0.7622510231923602 0.34448160535117056 0.07467939972714871 0.38127090301003347
1 0.8236425648021828 0.35785953177257523 0.050832196452933145 0.28762541806020064
1 0.15050477489768074 0.3712374581939799 0.0326193724420191 0.26755852842809363
1 0.18869031377899045 0.6404682274247492 0.05443383356070941 0.27759197324414714
1 0.775893587994543 0.6254180602006689 0.055579809004092776 0.1939799331103679
3 0.8256753069577081 0.5719063545150501 0.04054570259208731 0.13377926421404682
3 0.12321964529331514 0.36454849498327757 0.021718963165075034 0.1605351170568562
3 0.8570532060027285 0.342809364548495 0.019481582537517052 0.16387959866220736
3 0.1464120054570259 0.5936454849498328 0.0326193724420191 0.1705685618729097
0 0.8816098226466577 0.29264214046822745 0.02766712141882674 0.1505016722408027
0 0.12049113233287857 0.5317725752508361 0.021718963165075034 0.14715719063545152
0 0.8625102319236017 0.5033444816053512 0.03234652114597544 0.14381270903010032