5 0.5478893905191874 0.13996889580093314 0.1312979683972912 0.1347900466562986
5 0.4256433408577878 0.13867807153965786 0.1125395033860045 0.1425660964230171
6 0.6503950338600452 0.16589424572317263 0.06542889390519187 0.11923794712286159
6 0.34006772009029346 0.16458786936236391 0.07306997742663657 0.1270139968895801
4 0.7133972911963883 0.27216174183514774 0.10866817155756207 0.13996889580093314
4 0.2695372460496614 0.2540124416796268 0.10130925507900677 0.14514774494556765
1 0.7472460496613995 0.4004665629860031 0.1349887133182844 0.13737169517884915
1 0.23288939051918736 0.3913996889580093 0.13752821670428894 0.1347900466562986
3 0.7867494356659142 0.5339502332814929 0.13496613995485326 0.1347900466562986
3 0.18960496613995487 0.5313685847589424 0.13707674943566592 0.13996889580093314
0 0.8205981941309255 0.6946656298600311 0.15376975169300228 0.20217729393468117
0 0.15669300225733634 0.6972472783825816 0.16906320541760722 0.2332814930015552
2 0.8394130925507901 0.8799844479004666 0.15751693002257336 0.17367029548989113
2 0.12941309255079006 0.8618506998444789 0.14838600451467268 0.19440124416796267