5 0.5946936274509804 0.29893401015228427 0.19712009803921568 0.4794162436548223
5 0.39865196078431375 0.30456852791878175 0.19175245098039215 0.4850507614213198
5 0.5858455882352941 0.7769289340101523 0.1168014705882353 0.3637817258883249
5 0.47013480392156864 0.7755329949238579 0.11685049019607842 0.3778934010152284
6 0.2441421568627451 0.2749492385786802 0.1142156862745098 0.3919796954314721
6 0.3578186274509804 0.7346192893401016 0.10736519607843137 0.3750761421319797
6 0.7002083333333333 0.744492385786802 0.11676470588235294 0.38916243654822336
6 0.75875 0.28060913705583757 0.13035539215686276 0.4032741116751269
4 0.8881004901960785 0.24253807106598985 0.1256372549019608 0.45685279187817257
4 0.1420343137254902 0.2453553299492386 0.08702205882352942 0.45121827411167514
4 0.25162990196078433 0.7501522842639594 0.10468137254901962 0.45121827411167514
4 0.8193259803921569 0.7360406091370558 0.12079656862745097 0.4230203045685279
1 0.9706985294117647 0.2707360406091371 0.05860294117647059 0.38916243654822336
1 0.08691176470588236 0.2636802030456853 0.04484068627450981 0.35814720812182743
1 0.16995098039215686 0.7078426395939086 0.08564950980392157 0.3553299492385787
1 0.9187132352941176 0.7346192893401016 0.10442401960784313 0.3412182741116751
3 0.04947303921568627 0.2481725888324873 0.03531862745098039 0.321497461928934
3 0.11345588235294117 0.768477157360406 0.0843014705882353 0.43710659898477155
3 0.9724999999999999 0.7050253807106598 0.054031862745098046 0.2707360406091371
0 0.019950980392156863 0.20446700507614213 0.03991421568627451 0.3637817258883249
0 0.06104166666666667 0.6754060913705584 0.08024509803921569 0.3186802030456853
2 0.03925245098039216 0.528756345177665 0.06936274509803922 0.17766497461928935