5 0.5859663865546219 0.3588847583643123 0.14450420168067227 0.4203717472118959
5 0.44378151260504206 0.3517472118959108 0.14196638655462185 0.41750929368029743
6 0.3132436974789916 0.3317100371747212 0.1084201680672269 0.3889219330855019
6 0.705546218487395 0.3474349442379182 0.08630252100840337 0.3631598513011152
4 0.7934453781512606 0.3374349442379182 0.07660504201680672 0.3774721189591078
4 0.21630252100840333 0.3274349442379182 0.08776470588235294 0.38605947955390335
1 0.8567899159663865 0.3917472118959108 0.048184873949579834 0.245910780669145
1 0.15166386554621847 0.37602230483271376 0.051596638655462185 0.26022304832713755
3 0.8968571428571428 0.3746096654275093 0.0326890756302521 0.21159851301115243
3 0.10900840336134454 0.37174721189591076 0.0386890756302521 0.22304832713754646
0 0.0728235294117647 0.35029739776951674 0.036117647058823525 0.18014869888475837
5 0.5517142857142857 0.7420817843866171 0.09410084033613446 0.32884758364312267
5 0.45606722689075635 0.7377695167286246 0.09672268907563025 0.3317100371747212
6 0.648016806722689 0.730631970260223 0.09277310924369749 0.3173977695167286
6 0.3604201680672269 0.7334944237918216 0.09677310924369747 0.32884758364312267
4 0.7385042016806723 0.7520817843866171 0.08240336134453782 0.3774721189591078
4 0.2712268907563025 0.7191821561338291 0.0838655462184874 0.34602230483271373
1 0.803781512605042 0.729182156133829 0.07142857142857142 0.2802230483271375
1 0.20467226890756302 0.6991821561338291 0.06450420168067228 0.2544981412639405
3 0.8522521008403361 0.6920074349442379 0.06499159663865546 0.2287732342007435
3 0.15036974789915966 0.6863197026022305 0.05677310924369748 0.2287732342007435
0 0.888453781512605 0.6448327137546469 0.05467226890756303 0.20304832713754645
0 0.11547899159663864 0.6319702602230484 0.06194957983193277 0.18301115241635688