5 0.5906127450980392 0.3519847328244275 0.16716911764705883 0.3816793893129771
5 0.41295343137254903 0.3237150127226463 0.18221813725490196 0.43821882951653945
6 0.26455882352941174 0.3138167938931298 0.1114828431372549 0.39582697201017814
6 0.7301838235294118 0.3604834605597964 0.10651960784313726 0.32513994910941474
4 0.837046568627451 0.31806615776081426 0.10519607843137255 0.40430025445292617
4 0.15428921568627452 0.3166412213740458 0.10607843137254902 0.4467175572519084
1 0.910563725490196 0.3053435114503817 0.0671078431372549 0.34493638676844784
1 0.08622549019607843 0.33503816793893126 0.07615196078431373 0.3364376590330789
3 0.9602573529411765 0.2968702290076336 0.049424019607843137 0.29404580152671755
3 0.033811274509803924 0.34493638676844784 0.0666421568627451 0.32231552162849875
5 0.5695220588235295 0.6926717557251909 0.09230392156862745 0.2770737913486005
5 0.4721813725490196 0.7053944020356234 0.101875 0.3138167938931298
6 0.36394607843137255 0.7068193384223918 0.11144607843137255 0.3505852417302799
6 0.6709436274509804 0.6898473282442749 0.10452205882352943 0.32796437659033073
4 0.2584313725490196 0.7506361323155216 0.09922794117647059 0.43256997455470736
4 0.7744117647058824 0.7096437659033078 0.09903186274509804 0.3901526717557252
1 0.8499877450980392 0.6644020356234097 0.10111519607843138 0.27142493638676846
1 0.1753921568627451 0.6870229007633588 0.10197303921568626 0.29969465648854965
3 0.906482843137255 0.6177608142493639 0.05621323529411765 0.2403053435114504
3 0.1066421568627451 0.6672264631043258 0.06524509803921569 0.22053435114503817
0 0.963639705882353 0.5894910941475827 0.06901960784313725 0.2459796437659033
0 0.05491421568627451 0.6347073791348601 0.08432598039215687 0.2459796437659033