5 0.5923924731182796 0.3056426332288401 0.17845430107526883 0.5611285266457681
5 0.40762096774193546 0.3166144200626959 0.18524193548387097 0.5517241379310345
6 0.7449462365591398 0.29310344827586204 0.12127688172043011 0.4608150470219436
6 0.25443548387096776 0.29780564263322884 0.12079301075268818 0.445141065830721
4 0.856491935483871 0.2884012539184953 0.09981182795698926 0.4890282131661442
4 0.13684139784946237 0.2962382445141066 0.11143817204301075 0.42946708463949845
1 0.9283736559139786 0.28683385579937304 0.06356182795698925 0.39184952978056425
1 0.06495967741935484 0.2852664576802508 0.06442204301075269 0.36990595611285265
3 0.9781048387096775 0.26332288401253917 0.039395161290322576 0.3322884012539185
3 0.021948924731182793 0.28683385579937304 0.03756720430107527 0.27899686520376177
5 0.5608198924731183 0.7100313479623824 0.10993279569892474 0.3793103448275862
5 0.4465994623655914 0.7210031347962382 0.11266129032258064 0.3887147335423197
6 0.667002688172043 0.6818181818181818 0.10243279569892472 0.39184952978056425
6 0.3384139784946237 0.6692789968652038 0.10598118279569892 0.3542319749216301
4 0.7731720430107527 0.7178683385579937 0.11053763440860215 0.46394984326018807
4 0.22822580645161292 0.7037617554858934 0.11408602150537633 0.4670846394984326
1 0.856491935483871 0.664576802507837 0.09176075268817203 0.3448275862068966
1 0.13885752688172043 0.6536050156739812 0.09665322580645161 0.3793103448275862
3 0.9149462365591399 0.6191222570532915 0.06893817204301075 0.29153605015673983
3 0.07435483870967742 0.6018808777429467 0.0805510752688172 0.26332288401253917
0 0.9673521505376345 0.5470219435736677 0.058198924731182794 0.2225705329153605
0 0.03068548387096774 0.5266457680250783 0.052338709677419354 0.2006269592476489