5 0.5994124847001224 0.37383177570093457 0.15336597307221542 0.4707476635514019
5 0.44031823745410037 0.39461059190031156 0.16159118727050184 0.43613707165109034
6 0.719767441860465 0.3374766355140187 0.0900734394124847 0.43267912772585665
6 0.3091064871481028 0.36 0.1031701346389229 0.42230529595015576
4 0.8088249694002447 0.3426791277258567 0.09145654834761321 0.39461059190031156
4 0.21188494492044066 0.33401869158878505 0.0936842105263158 0.40498442367601245
1 0.8686536107711139 0.3374766355140187 0.07244798041615667 0.3149844236760125
1 0.13711138310893511 0.3288473520249221 0.07739290085679314 0.35305295950155763
3 0.9176009791921664 0.3063239875389408 0.05070991432068543 0.2942056074766355
3 0.08204406364749083 0.35133956386292836 0.054296205630354956 0.30806853582554516
0 0.9638310893512853 0.12286604361370716 0.04528763769889841 0.21806853582554517
0 0.031725826193390455 0.2890342679127726 0.04888616891064871 0.24576323987538942
5 0.5436842105263158 0.6749844236760124 0.09407588739290086 0.29074766355140186
5 0.4321787025703794 0.6749844236760124 0.09402692778457772 0.2976947040498442
6 0.6402203182374541 0.6576635514018692 0.09411260709914321 0.30461059190031153
6 0.33019583843329253 0.6732398753894081 0.09399020807833539 0.30806853582554516
4 0.7306487148102816 0.6697819314641744 0.0791921664626683 0.3426791277258567
4 0.24045287637698898 0.6092211838006231 0.0830844553243574 0.35305295950155763
1 0.8074663402692779 0.6351713395638628 0.07242350061199511 0.30806853582554516
1 0.1622643818849449 0.604018691588785 0.07625458996328029 0.2803738317757009
3 0.8584577723378213 0.5745794392523365 0.03844553243574052 0.18691588785046728
3 0.08680538555691554 0.5607476635514018 0.07758873929008568 0.27
0 0.9203182374541004 0.49152647975077884 0.07246022031823746 0.18
0 0.022900856793145657 0.4846105919003115 0.039498164014687885 0.1384423676012461