5 0.5635593220338984 0.3609375 0.143129074315515 0.353125
5 0.4201694915254237 0.3515625 0.14057366362451107 0.353125
6 0.29633637548891784 0.325 0.10672750977835724 0.31875
6 0.6926336375488917 0.340625 0.11501955671447196 0.35625
4 0.7923468057366363 0.290625 0.08246414602346806 0.43125
4 0.20379400260756192 0.30625 0.07547588005215124 0.34375
1 0.8431812255541069 0.33125 0.04598435462842243 0.28125
1 0.14904823989569752 0.296875 0.039009126466753585 0.26875
3 0.888161668839635 0.3171875 0.04469361147327249 0.209375
3 0.12427640156453715 0.2828125 0.02597131681877445 0.196875
0 0.9272620599739244 0.275 0.03428943937418514 0.15625
0 0.09169491525423729 0.2734375 0.039022164276401566 0.221875
2 0.05844850065189048 0.2328125 0.02469361147327249 0.134375
5 0.5114211212516298 0.7921875 0.09100391134289439 0.334375
5 0.42277705345501954 0.803125 0.0884354628422425 0.35625
6 0.3387092568448501 0.7796875 0.08455019556714471 0.328125
6 0.6046284224250326 0.7921875 0.09488917861799218 0.340625
4 0.6958800521512386 0.7640625 0.08702737940026076 0.384375
4 0.25267275097783576 0.7546875 0.08458930899608866 0.353125
1 0.7714863102998697 0.7375 0.06614080834419817 0.29375
1 0.19988265971316818 0.6984375 0.08329856584093873 0.265625
3 0.8047327249022165 0.6890625 0.029022164276401568 0.171875
3 0.1627379400260756 0.628125 0.061147327249022165 0.20625
0 0.8438331160365059 0.63125 0.07597131681877445 0.225
0 0.12166883963494132 0.5890625 0.078122555410691 0.240625
2 0.8979400260756193 0.553125 0.06946544980443285 0.2375
2 0.08777053455019555 0.4984375 0.06509778357235985 0.209375