5 0.5819235511713934 0.4206709265175718 0.1517632552404439 0.5076357827476038
5 0.4298766954377312 0.42242811501597444 0.1518249075215783 0.5040894568690096
5 0.5346732429099876 0.7969329073482428 0.08192355117139334 0.2449520766773163
5 0.44221948212083845 0.8005111821086262 0.08332922318125771 0.2591373801916933
6 0.3011220715166461 0.4029073482428115 0.10530209617755858 0.43664536741214055
6 0.3511220715166461 0.7774121405750799 0.09569667077681875 0.3053035143769968
6 0.7100246609124539 0.3940255591054313 0.10168927250308261 0.4756869009584664
6 0.6223427866831073 0.7862939297124601 0.09011097410604192 0.22364217252396165
4 0.2079778051787916 0.4117891373801916 0.08067817509247843 0.4046964856230032
4 0.7997287299630087 0.3727476038338658 0.07498150431565968 0.4401916932907348
4 0.7202836004932183 0.7774121405750799 0.10240443896424167 0.2981789137380192
4 0.2545499383477189 0.8005111821086262 0.0971023427866831 0.36562300319488816
1 0.8654870530209617 0.3567731629392971 0.05381011097410604 0.36562300319488816
1 0.14223181257706535 0.4117891373801916 0.050567200986436495 0.3692012779552716
1 0.18059186189889026 0.7135143769968052 0.04781750924784217 0.19878594249201278
1 0.8106905055487054 0.7028753993610224 0.07223181257706535 0.2200958466453674
3 0.9113810110974107 0.3585303514376997 0.04697903822441431 0.3194888178913738
3 0.10388409371146733 0.38517571884984025 0.02593094944512947 0.2662300319488818
3 0.14429099876695436 0.6939936102236421 0.03824907521578298 0.18814696485623003
3 0.869593094944513 0.6549520766773163 0.04755856966707768 0.21654952076677317
0 0.05935881627620222 0.32303514376996806 0.057447595561035764 0.3053035143769968
0 0.09360049321824906 0.6088178913738019 0.060184956843403206 0.23782747603833865
0 0.9606905055487053 0.28575079872204473 0.05247842170160296 0.3159424920127796
0 0.9250678175092478 0.6123642172523961 0.06533908754623921 0.18814696485623003
2 0.060727496917385944 0.5236102236421725 0.04376078914919852 0.08875399361022365