5 0.6457142857142857 0.2978169014084507 0.16420545746388443 0.4900352112676056
5 0.47386837881219906 0.2934154929577465 0.18165329052969503 0.5164436619718309
5 0.6042696629213483 0.7423591549295775 0.10537720706260033 0.39904929577464787
5 0.4966131621187801 0.7350352112676056 0.10675762439807385 0.3667957746478873
6 0.3281059390048154 0.2934154929577465 0.1121669341894061 0.4166549295774648
6 0.3862760834670947 0.7174295774647887 0.10812199036918138 0.43133802816901406
6 0.7700963081861958 0.3183802816901409 0.08391653290529695 0.3961267605633803
6 0.7079133226324237 0.7379577464788732 0.09597110754414125 0.40200704225352113
4 0.21242375601926164 0.2992957746478873 0.1135473515248796 0.46362676056338026
4 0.27393258426966294 0.6954225352112676 0.11619582664526484 0.5046830985915494
4 0.8510112359550561 0.32422535211267606 0.07451043338683788 0.43721830985915494
4 0.8042054574638844 0.7277112676056338 0.09325842696629214 0.48707746478873243
1 0.920561797752809 0.3550352112676056 0.06459069020866774 0.36971830985915494
1 0.11144462279293742 0.3301056338028169 0.08550561797752809 0.3961267605633803
1 0.15959871589085073 0.6514084507042254 0.10955056179775281 0.3579929577464789
1 0.8891171749598715 0.6851408450704226 0.07584269662921349 0.2787676056338028
3 0.03364365971107544 0.35359154929577463 0.06728731942215088 0.3257042253521127
3 0.07399678972712681 0.6000704225352113 0.1015569823434992 0.24940140845070422
3 0.9533226324237559 0.6205985915492958 0.04906902086677368 0.16725352112676056
3 0.9680417335473516 0.37119718309859157 0.047223113964687 0.24940140845070422