5 0.5766555740432612 0.11786666666666668 0.14515806988352745 0.17857142857142858
5 0.42069883527454244 0.10834285714285714 0.16600665557404326 0.17857142857142858
6 0.29281198003327785 0.1726285714285714 0.1265557404326123 0.16428571428571428
6 0.7035274542429284 0.1869142857142857 0.12938435940099835 0.15
4 0.7742262895174709 0.2857142857142857 0.15851913477537438 0.1619047619047619
4 0.21379367720465892 0.28095238095238095 0.14321131447587354 0.16666666666666666
1 0.8168718801996672 0.4250095238095238 0.17725457570715475 0.15
1 0.17114808652246255 0.4131047619047619 0.17858569051580697 0.1595238095238095
3 0.8553078202995008 0.5512 0.17001663893510816 0.1357142857142857
3 0.13788685524126457 0.5559619047619048 0.17860232945091514 0.14047619047619048
0 0.883377703826955 0.7273904761904761 0.19703826955074877 0.24523809523809523
0 0.11188019966722129 0.732152380952381 0.1890016638935108 0.2261904761904762
2 0.9229118136439267 0.888095238095238 0.15232945091514144 0.20952380952380953
2 0.08277870216306156 0.8928571428571429 0.1557404326123128 0.17142857142857143