5 0.5593111931119311 0.38060773480662985 0.13637146371463715 0.42356353591160223
5 0.4199384993849939 0.3867403314917127 0.13916359163591635 0.41129834254143643
6 0.3113161131611316 0.3652486187845304 0.07771217712177121 0.3499171270718232
6 0.6727552275522756 0.374475138121547 0.08776137761377613 0.362182320441989
4 0.753370233702337 0.35450276243093926 0.07138991389913898 0.38367403314917126
4 0.23343173431734318 0.3299447513812155 0.08046740467404674 0.3713812154696133
1 0.8155350553505535 0.3314917127071823 0.048191881918819186 0.3130662983425414
1 0.16784747847478476 0.32535911602209944 0.05043050430504305 0.2823756906077348
3 0.8613161131611317 0.30693370165745854 0.04410824108241082 0.30080110497237567
3 0.12138991389913899 0.30693370165745854 0.039520295202952034 0.25781767955801105
0 0.9084501845018451 0.27930939226519336 0.05095940959409594 0.2639779005524862
0 0.08175891758917589 0.27469613259668507 0.04227552275522755 0.24861878453038674
2 0.9528659286592865 0.22560773480662985 0.03867158671586716 0.24248618784530387
2 0.04487084870848708 0.1949171270718232 0.042287822878228784 0.23019337016574584
5 0.5429274292742927 0.8302762430939227 0.07899138991389913 0.31
5 0.46571955719557195 0.8241160220994475 0.07765067650676508 0.29773480662983426
6 0.38646986469864697 0.8133701657458563 0.08041820418204182 0.30693370165745854
6 0.6201230012300123 0.8210497237569061 0.06939729397293973 0.31
4 0.697330873308733 0.7857458563535912 0.08166051660516606 0.31922651933701657
4 0.30585485854858546 0.7673480662983425 0.08044280442804429 0.3130662983425414
1 0.7601968019680196 0.7136187845303867 0.06865928659286592 0.2670441988950276
1 0.2388929889298893 0.6936740331491713 0.07773677736777368 0.25781767955801105
3 0.8100738007380074 0.6553038674033149 0.06458794587945879 0.21179558011049723
3 0.19380073800738007 0.6307458563535911 0.07501845018450184 0.2179281767955801
0 0.8681549815498154 0.5877900552486188 0.0823739237392374 0.19337016574585636
0 0.13504305043050432 0.5739779005524862 0.08050430504305044 0.20256906077348066
2 0.8982041820418204 0.4803591160220994 0.05778597785977859 0.12585635359116024
2 0.08927429274292743 0.46348066298342544 0.08462484624846248 0.1780110497237569