5 0.534452296819788 0.37756880733944953 0.15464664310954063 0.5151834862385322
5 0.3877031802120141 0.39871559633027526 0.13296819787985867 0.47990825688073396
6 0.668321554770318 0.38637614678899085 0.11037102473498234 0.43403669724770644
6 0.2708480565371025 0.4111009174311927 0.1003886925795053 0.37756880733944953
4 0.7586749116607774 0.3811009174311927 0.07100706713780919 0.4445871559633028
4 0.18796819787985866 0.35284403669724773 0.06780918727915194 0.4445871559633028
1 0.8225441696113074 0.3881651376146789 0.057438162544169606 0.331697247706422
1 0.12954063604240282 0.33522935779816515 0.04609540636042403 0.331697247706422
3 0.8734982332155476 0.32990825688073394 0.042508833922261485 0.2858256880733945
3 0.09625441696113074 0.2893577981651376 0.023003533568904593 0.19055045871559634
0 0.9149469964664311 0.28050458715596327 0.041166077738515904 0.26463302752293577
0 0.07316254416961131 0.22408256880733946 0.02302120141342756 0.15174311926605505
2 0.9563780918727914 0.20288990825688072 0.037102473498233215 0.19408256880733946
5 0.5229151943462897 0.7568807339449541 0.08263250883392227 0.3422935779816514
5 0.43798586572438164 0.7604128440366973 0.08402826855123675 0.3422935779816514
6 0.35169611307420495 0.7251376146788991 0.08812720848056538 0.3493119266055046
6 0.6119081272084805 0.7710091743119266 0.08939929328621908 0.39165137614678897
4 0.6968374558303887 0.7674770642201835 0.07169611307420494 0.39165137614678897
4 0.2667844522968198 0.7074770642201834 0.0759363957597173 0.3281651376146789
1 0.7695583038869258 0.7092660550458716 0.07643109540636042 0.33876146788990824
1 0.19408127208480563 0.661605504587156 0.06644876325088339 0.2787614678899083
3 0.8340989399293287 0.6704128440366973 0.050653710247349826 0.25403669724770644
3 0.147208480565371 0.5945871559633028 0.048798586572438164 0.19408256880733946
0 0.8884452296819788 0.5698623853211009 0.05881625441696113 0.23642201834862384
2 0.9278445229681979 0.4604587155963303 0.04252650176678445 0.15174311926605505