5 0.6463884430176565 0.28757042253521126 0.16553772070626002 0.49295774647887325
5 0.4718619582664527 0.2934154929577465 0.17764044943820226 0.5222887323943662
6 0.7694382022471911 0.30369718309859156 0.07791332263242376 0.4137323943661972
6 0.32743178170144466 0.29637323943661975 0.10815409309791331 0.40492957746478875
4 0.8503531300160513 0.3257042253521127 0.07659711075441412 0.4284154929577465
4 0.21308186195826645 0.2992957746478873 0.11756019261637238 0.45774647887323944
1 0.920561797752809 0.3447887323943662 0.06459069020866774 0.3785211267605634
1 0.11545746388443019 0.32422535211267606 0.09619582664526485 0.4078521126760563
3 0.9653611556982343 0.340387323943662 0.04990369181380417 0.2992957746478873
3 0.04256821829855538 0.3609154929577465 0.08418940609951846 0.31102112676056337
5 0.605601926163724 0.7233098591549295 0.10001605136436598 0.419612676056338
5 0.4946067415730337 0.7145070422535211 0.11343499197431782 0.40200704225352113
6 0.38426966292134834 0.7071478873239437 0.10947030497592296 0.4284154929577465
6 0.7065650080256822 0.7262323943661971 0.09865168539325843 0.4137323943661972
4 0.27325842696629216 0.6866197183098591 0.11752808988764045 0.49295774647887325
4 0.8042054574638844 0.721830985915493 0.09593900481540932 0.498838028169014
1 0.8797752808988765 0.6572887323943661 0.0926645264847512 0.32862676056338025
1 0.1656019261637239 0.6484859154929578 0.12158908507223114 0.352112676056338
3 0.9513322632423755 0.6117957746478874 0.06460674157303371 0.22007042253521128
3 0.08001605136436597 0.5897887323943662 0.10556982343499197 0.2640845070422535