5 0.5791861898890259 0.4259744408945687 0.14902589395807644 0.48987220447284346
5 0.42577065351418003 0.4259744408945687 0.1518249075215783 0.5040894568690096
6 0.7100246609124539 0.3993610223642173 0.11265104808877928 0.4721405750798722
6 0.2976942046855734 0.41000000000000003 0.10393341553637485 0.43664536741214055
4 0.804537607891492 0.3780511182108626 0.07432799013563501 0.44373801916932903
4 0.2086683107274969 0.4117891373801916 0.07109741060419235 0.39047923322683703
1 0.8654870530209617 0.36207667731629395 0.05106041923551171 0.36207667731629395
1 0.1456596794081381 0.4188817891373802 0.057422934648581996 0.36207667731629395
3 0.9079531442663379 0.36562300319488816 0.05655980271270036 0.3123961661341853
3 0.10935881627620221 0.395814696485623 0.03140567200986436 0.2662300319488818
0 0.9593218249075216 0.2981789137380192 0.06342786683107275 0.3053035143769968
0 0.06141800246609125 0.33191693290734825 0.061553637484586934 0.30884984025559103
5 0.5340073982737361 0.7632268370607028 0.08381011097410604 0.3053035143769968
5 0.44152897657213314 0.7774121405750799 0.09292231812577065 0.3265814696485623
6 0.6230456226880395 0.7490095846645367 0.08933415536374846 0.3194888178913738
6 0.34906288532675706 0.7738658146964856 0.08884093711467324 0.3265814696485623
4 0.7202836004932183 0.7401597444089456 0.10240443896424167 0.37984025559105433
4 0.2572872996300863 0.7756549520766773 0.08887792848335388 0.40824281150159747
1 0.8100123304562268 0.6780191693290735 0.07159062885326757 0.2769009584664537
1 0.18674475955610356 0.6993290734824281 0.04918618988902589 0.24849840255591055
3 0.8702836004932182 0.6549520766773163 0.04695437731196054 0.20945686900958468
3 0.15113440197287298 0.670926517571885 0.04919852034525277 0.2200958466453674
0 0.9223427866831072 0.5857188498402557 0.07985203452527743 0.24849840255591055
0 0.09633785450061652 0.6088178913738019 0.06290998766954378 0.2449520766773163
2 0.05935881627620222 0.5200638977635783 0.049235511713933415 0.13134185303514376