5 0.5559040590405904 0.3713812154696133 0.13773677736777368 0.42972375690607734
5 0.41789667896678967 0.37599447513812156 0.13505535055350554 0.4143646408839779
5 0.5401968019680197 0.8179834254143646 0.0817220172201722 0.29773480662983426
5 0.4588929889298893 0.8149171270718232 0.07765067650676508 0.30386740331491713
6 0.6707011070110701 0.35911602209944754 0.08912669126691267 0.38060773480662985
6 0.3078966789667897 0.35298342541436467 0.0845510455104551 0.362182320441989
6 0.3810086100861009 0.8026519337016574 0.07768757687576876 0.30386740331491713
6 0.6167158671586715 0.8026519337016574 0.07076260762607627 0.30386740331491713
4 0.7513038130381303 0.3499171270718232 0.07207872078720787 0.38060773480662985
4 0.22797047970479706 0.3238121546961326 0.07227552275522756 0.35298342541436467
4 0.30174661746617465 0.7519889502762431 0.07771217712177121 0.30080110497237567
4 0.6952767527675277 0.770414364640884 0.08576875768757689 0.3130662983425414
1 0.8134932349323494 0.32229281767955803 0.05228782287822878 0.31922651933701657
1 0.16169741697416976 0.3115469613259669 0.05726937269372694 0.2916022099447514
1 0.23410824108241085 0.6875414364640884 0.07637146371463716 0.2516850828729282
1 0.7595079950799508 0.7059668508287293 0.08300123001230013 0.2639779005524862
3 0.8613161131611317 0.29773480662983426 0.04410824108241082 0.2946685082872928
3 0.11933579335793358 0.293121546961326 0.04089790897908979 0.26088397790055246
3 0.18765067650676506 0.6184806629834254 0.07366543665436655 0.2179281767955801
3 0.80460024600246 0.6430386740331492 0.07752767527675276 0.2056353591160221
0 0.9125584255842558 0.2823756906077348 0.05916359163591636 0.2455524861878453
0 0.0776629766297663 0.26243093922651933 0.03954489544895449 0.24248618784530387
0 0.13163591635916358 0.5632320441988949 0.07915129151291513 0.2179281767955801
0 0.8667650676506764 0.580110497237569 0.08432964329643297 0.19030386740331492
2 0.9549077490774908 0.21486187845303867 0.031845018450184504 0.22099447513812154
2 0.04008610086100861 0.18875690607734807 0.03819188191881919 0.22406077348066297
2 0.08312423124231243 0.46348066298342544 0.06960639606396064 0.15961325966850828
2 0.8975153751537515 0.4757458563535912 0.06382533825338253 0.11662983425414364