5 0.5953697916666666 0.40162037037037035 0.16636458333333334 0.31712962962962965
5 0.4241770833333333 0.4027777777777778 0.16773437500000002 0.3101851851851852
6 0.7418541666666666 0.3738425925925926 0.12400000000000001 0.3125
6 0.292046875 0.38425925925925924 0.09878125 0.2824074074074074
4 0.855109375 0.37962962962962965 0.10321354166666666 0.35185185185185186
4 0.20157291666666666 0.41203703703703703 0.08449479166666667 0.3287037037037037
1 0.9416822916666666 0.40046296296296297 0.07330208333333334 0.2777777777777778
1 0.13453125000000002 0.43171296296296297 0.051973958333333334 0.2569444444444444
3 0.9850572916666667 0.4351851851851852 0.029890625 0.25
3 0.08896354166666667 0.44560185185185186 0.041578125 0.22453703703703703
5 0.5752083333333334 0.7835648148148148 0.11350520833333334 0.2708333333333333
5 0.46844791666666663 0.7835648148148148 0.10002083333333332 0.2800925925925926
6 0.6871666666666666 0.7905092592592593 0.11094791666666667 0.30324074074074076
6 0.368203125 0.7962962962962963 0.10005729166666667 0.3055555555555556
4 0.7939062499999999 0.7893518518518519 0.097296875 0.37962962962962965
4 0.2705677083333333 0.8055555555555556 0.09228125000000001 0.36574074074074076
1 0.8772395833333333 0.7824074074074074 0.09540625 0.3194444444444444
1 0.201578125 0.7893518518518519 0.07952083333333333 0.2962962962962963
3 0.9455885416666666 0.7662037037037037 0.07330208333333334 0.25
3 0.15145312500000002 0.7777777777777778 0.064984375 0.2175925925925926
0 0.9859114583333334 0.6979166666666666 0.028177083333333335 0.16435185185185186
0 0.09546875 0.7696759259259259 0.083234375 0.17824074074074073