5 0.8066315789473684 0.365 0.13322807017543858 0.47880952380952385
5 0.656859649122807 0.3898639455782313 0.16566666666666668 0.4657142857142857
6 0.5023684210526316 0.38329931972789116 0.1373859649122807 0.4212585034013605
6 0.880859649122807 0.3126530612244898 0.06842105263157895 0.43170068027210884
4 0.9118947368421052 0.3100340136054422 0.036035087719298246 0.3898639455782313
4 0.3586666666666667 0.38068027210884353 0.15766666666666668 0.4264625850340136
1 0.21092982456140352 0.3676190476190476 0.13478947368421051 0.36367346938775513
3 0.09287719298245614 0.33489795918367343 0.10650877192982457 0.3192176870748299
5 0.7729122807017544 0.7522108843537415 0.0718421052631579 0.3008843537414966
5 0.6919649122807018 0.7705442176870748 0.08531578947368422 0.32704081632653065
6 0.8410526315789473 0.7339115646258504 0.05973684210526315 0.30612244897959184
6 0.5921052631578947 0.7587755102040816 0.11171929824561404 0.35061224489795917
4 0.8943508771929825 0.6933673469387754 0.04491228070175439 0.3139795918367347
4 0.4693157894736842 0.7600680272108844 0.13335087719298247 0.3898639455782313
1 0.33573684210526317 0.73 0.1360877192982456 0.33489795918367343
1 0.9179649122807018 0.6410204081632653 0.031982456140350876 0.24595238095238095
3 0.22036842105263157 0.6606462585034013 0.12938596491228072 0.26948979591836736
0 0.10501754385964912 0.6004761904761905 0.1226842105263158 0.24333333333333335