5 0.5536804308797127 0.4776543209876543 0.11899461400359067 0.32041152263374484
5 0.4363554757630162 0.48502057613168725 0.11262118491921005 0.3174485596707819
6 0.34597845601436267 0.48942386831275725 0.0677737881508079 0.2968724279835391
6 0.6504847396768402 0.47913580246913584 0.07464991023339318 0.27041152263374485
4 0.7248473967684022 0.46588477366255143 0.07723518850987433 0.3027572016460905
4 0.27481149012567324 0.47913580246913584 0.06908438061041292 0.30572016460905355
1 0.7876840215439856 0.4967489711934156 0.04393177737881508 0.21164609053497943
1 0.22353680430879713 0.49971193415637866 0.03578096947935368 0.24691358024691357
3 0.8293536804308796 0.48794238683127567 0.040107719928186715 0.22925925925925927
3 0.1895511669658887 0.4864609053497942 0.03450628366247756 0.2557201646090535
0 0.8684560143626571 0.4570781893004115 0.04396768402154398 0.2145679012345679
0 0.1510951526032316 0.4438683127572016 0.044775583482944345 0.25868312757201645
2 0.9037163375224416 0.38065843621399176 0.029874326750448835 0.16753086419753085
2 0.12481149012567325 0.41740740740740745 0.028114901256732494 0.1411111111111111
5 0.5549551166965889 0.7378189300411522 0.0677019748653501 0.27041152263374485
5 0.48123877917414726 0.7333744855967078 0.0715798922800718 0.2616049382716049
6 0.4107181328545781 0.7275308641975309 0.06903052064631958 0.2616049382716049
6 0.6222800718132855 0.7348559670781892 0.06438061041292639 0.24691358024691357
4 0.6966427289048474 0.7319341563786009 0.07662477558348295 0.25279835390946503
4 0.3350628366247756 0.7451440329218106 0.0870197486535009 0.27925925925925926
1 0.760754039497307 0.715761316872428 0.051615798922800715 0.22045267489711934
1 0.26648114901256736 0.720164609053498 0.06524236983842012 0.17637860082304527
3 0.8114003590664273 0.6995884773662552 0.05547576301615799 0.205761316872428
3 0.22351885098743268 0.7069547325102881 0.04859964093357271 0.16168724279835392
0 0.8588330341113106 0.668724279835391 0.06062836624775584 0.17930041152263373
0 0.17481149012567326 0.7245679012345678 0.05116696588868941 0.19106995884773662
2 0.8960143626570916 0.608477366255144 0.03499102333931777 0.1411111111111111
2 0.14211849192100537 0.6437448559670782 0.052477558348294435 0.12345679012345678