5 0.5784729064039409 0.327455919395466 0.1734729064039409 0.4645843828715365
5 0.4047167487684729 0.3176574307304786 0.17080049261083743 0.47858942065491183
5 0.599679802955665 0.7710579345088161 0.10916256157635468 0.3666498740554156
5 0.4936576354679803 0.7836523929471033 0.10236453201970444 0.37503778337531485
6 0.3821551724137931 0.7920403022670025 0.12019704433497536 0.37503778337531485
6 0.7077586206896552 0.7682619647355163 0.10639162561576354 0.38901763224181357
6 0.26039408866995073 0.28826196473551635 0.1175 0.42541561712846343
6 0.7269334975369458 0.2910831234256927 0.12072660098522167 0.41982367758186395
4 0.26586206896551723 0.799471032745592 0.1120320197044335 0.4010579345088161
4 0.8076354679802955 0.758463476070529 0.0954064039408867 0.431007556675063
1 0.16120689655172415 0.7780604534005038 0.09975369458128079 0.37503778337531485
1 0.8904064039408867 0.6912846347607052 0.07485221674876848 0.3526448362720403
3 0.10716748768472906 0.6745088161209067 0.08746305418719211 0.3022670025188917
4 0.15504926108374384 0.26168765743073047 0.09018472906403942 0.43380352644836273
4 0.831576354679803 0.24768261964735516 0.08855911330049261 0.45060453400503775
1 0.9082019704433498 0.23090680100755667 0.06470443349753695 0.3834256926952141
1 0.07706896551724138 0.22811083123425693 0.0628448275862069 0.3834256926952141
3 0.9594950738916256 0.18750629722921913 0.04336206896551724 0.3302518891687658
3 0.027142857142857142 0.1791183879093199 0.050554187192118225 0.3246599496221662
0 0.052450738916256165 0.5989420654911839 0.07107142857142858 0.2966750629722922
0 0.9540270935960591 0.5737531486146096 0.08166256157635468 0.31906801007556673