5 0.5809811827956989 0.40229885057471265 0.1421774193548387 0.4885057471264368
5 0.4338306451612903 0.4224137931034483 0.14626344086021503 0.46551724137931033
6 0.7019489247311828 0.3936781609195402 0.09438172043010752 0.46551724137931033
6 0.31221774193548385 0.4224137931034483 0.0938978494623656 0.41379310344827586
4 0.2181451612903226 0.3850574712643678 0.09393817204301075 0.4540229885057471
4 0.796008064516129 0.3735632183908046 0.09173387096774194 0.46551724137931033
1 0.8679032258064516 0.36637931034482757 0.055470430107526884 0.382183908045977
1 0.14626344086021503 0.3994252873563218 0.05229838709677419 0.3045977011494253
3 0.9182930107526882 0.3448275862068966 0.048776881720430106 0.3218390804597701
3 0.09720430107526881 0.3620689655172414 0.045604838709677416 0.3103448275862069
0 0.9613037634408602 0.30603448275862066 0.04341397849462365 0.3074712643678161
0 0.05420698924731183 0.3275862068965517 0.04024193548387097 0.2413793103448276
2 0.021948924731182793 0.23850574712643677 0.03219086021505376 0.22988505747126436
2 0.985483870967742 0.26580459770114945 0.023763440860215052 0.2442528735632184
5 0.5675403225806451 0.7586206896551724 0.09380376344086022 0.3333333333333333
5 0.4734811827956989 0.771551724137931 0.08846774193548386 0.34195402298850575
6 0.3874731182795699 0.757183908045977 0.08311827956989248 0.3132183908045977
6 0.6582526881720431 0.7744252873563219 0.08704301075268818 0.33620689655172414
4 0.7496370967741935 0.7772988505747126 0.09776881720430107 0.3879310344827586
4 0.2974327956989247 0.7701149425287356 0.11002688172043011 0.3850574712643678
1 0.8329704301075269 0.6910919540229885 0.06889784946236559 0.28448275862068967
1 0.20606182795698924 0.6982758620689655 0.07512096774193548 0.2471264367816092
3 0.8961290322580645 0.6135057471264368 0.05548387096774194 0.1925287356321839
3 0.14288978494623655 0.632183908045977 0.07245967741935483 0.1896551724137931
0 0.08309139784946237 0.5689655172413793 0.07383064516129033 0.1896551724137931
0 0.9539112903225807 0.5603448275862069 0.05551075268817204 0.20114942528735633
2 0.03337365591397849 0.46264367816091956 0.0496505376344086 0.14367816091954022