5 0.552094395280236 0.5823243243243243 0.13513274336283188 0.6732432432432433
5 0.4166961651917404 0.5945945945945946 0.13519174041297935 0.6584864864864864
6 0.30140117994100296 0.5700000000000001 0.09769911504424778 0.5503783783783783
6 0.672094395280236 0.5700000000000001 0.09951327433628318 0.5700000000000001
4 0.7726401179941004 0.5233513513513514 0.09685840707964602 0.5454594594594594
4 0.20890855457227137 0.5110810810810811 0.08700589970501475 0.5503783783783783
1 0.8503982300884957 0.4717297297297297 0.0620353982300885 0.4815675675675676
1 0.14255162241887906 0.4447027027027027 0.04547197640117994 0.4275135135135135
3 0.8959734513274337 0.38572972972972974 0.03525073746312684 0.33908108108108104
3 0.10703539823008848 0.3808108108108108 0.028053097345132744 0.3587027027027027
0 0.9348525073746313 0.2604324324324324 0.04061946902654867 0.33416216216216216
0 0.07685840707964602 0.26535135135135135 0.0347787610619469 0.25551351351351353