5 0.559136420525657 0.43134328358208956 0.12613266583229035 0.44477611940298506
5 0.4315018773466833 0.44328358208955226 0.131188986232791 0.42686567164179107
6 0.6705256570713392 0.42835820895522386 0.09914893617021277 0.408955223880597
6 0.32138923654568213 0.42835820895522386 0.091188986232791 0.3850746268656716
4 0.7593742177722153 0.382089552238806 0.07916145181476845 0.4417910447761194
4 0.23692115143929915 0.37910447761194027 0.07745932415519399 0.3880597014925373
1 0.8263204005006258 0.39850746268656717 0.052903629536921154 0.3373134328358209
1 0.17435544430538172 0.3417910447761194 0.047446808510638296 0.34328358208955223
3 0.866357947434293 0.3537313432835821 0.04290362953692115 0.25970149253731345
3 0.13056320400500626 0.3074626865671642 0.03994993742177722 0.2626865671641791
0 0.9013892365456821 0.31791044776119404 0.04291614518147684 0.21194029850746268
0 0.09365456821026283 0.24925373134328357 0.0437171464330413 0.21791044776119403
2 0.9339299123904882 0.20149253731343283 0.025419274092615768 0.12835820895522387
2 0.06361702127659574 0.17761194029850746 0.018710888610763452 0.12238805970149254
5 0.5460200250312891 0.7791044776119403 0.09533166458072591 0.3164179104477612
5 0.4534167709637046 0.7716417910447761 0.08529411764705883 0.3194029850746269
6 0.6417396745932415 0.7805970149253731 0.08911138923654568 0.3253731343283582
6 0.36644555694618275 0.7820895522388059 0.08901126408010013 0.32238805970149254
4 0.727459324155194 0.7671641791044777 0.08038798498122654 0.34626865671641793
4 0.281351689612015 0.7432835820895523 0.08146433041301628 0.3522388059701492
1 0.7969086357947435 0.6940298507462687 0.05914893617021277 0.2716417910447761
1 0.2125281602002503 0.6611940298507463 0.07142678347934919 0.28955223880597014
3 0.8507133917396746 0.5940298507462687 0.051664580725907384 0.17313432835820897
3 0.15496871088861075 0.5626865671641791 0.0614017521902378 0.21194029850746268
0 0.9001376720901126 0.5238805970149254 0.06544430538172716 0.1880597014925373
0 0.10490613266583228 0.44776119402985076 0.06624530663329162 0.16716417910447762
2 0.922665832290363 0.39104477611940297 0.025406758448060077 0.06567164179104477
2 0.06862327909887359 0.3164179104477612 0.0337171464330413 0.0955223880597015