5 0.5818965517241379 0.3826861702127659 0.14747536945812809 0.4284840425531915
5 0.4170320197044335 0.3885904255319149 0.1817487684729064 0.4048404255319149
6 0.7118842364532019 0.3472340425531915 0.10703201970443349 0.4166755319148936
6 0.27201970443349754 0.35164893617021276 0.1106527093596059 0.3959840425531915
4 0.8261206896551724 0.26595744680851063 0.11939655172413793 0.44917553191489357
4 0.16188423645320196 0.2822074468085106 0.10933497536945813 0.39893617021276595
1 0.9171059113300494 0.258563829787234 0.06607142857142857 0.3575531914893617
1 0.06748768472906404 0.26300531914893616 0.07105911330049261 0.34869680851063833
3 0.9738793103448276 0.23345744680851063 0.04556650246305419 0.2777659574468085
3 0.015258620689655174 0.23050531914893618 0.030529556650246304 0.2541489361702128
5 0.5613793103448276 0.7712765957446809 0.10097290640394088 0.360531914893617
5 0.45876847290640393 0.7683244680851063 0.10374384236453202 0.34869680851063833
6 0.35 0.732872340425532 0.11062807881773398 0.3900797872340425
6 0.6633004926108375 0.7358244680851064 0.10230295566502462 0.4077925531914894
4 0.23714285714285716 0.7092287234042554 0.1120320197044335 0.4077925531914894
4 0.7748029556650247 0.6988829787234042 0.11456896551724138 0.4521276595744681
1 0.8657758620689655 0.6826329787234043 0.11043103448275862 0.366436170212766
1 0.14821428571428572 0.6752393617021276 0.11480295566502463 0.3575531914893617
3 0.9512931034482759 0.619095744680851 0.0844088669950739 0.32210106382978726
3 0.06338669950738916 0.6161436170212765 0.08472906403940886 0.32210106382978726
0 0.9798522167487684 0.5141755319148936 0.040283251231527095 0.22457446808510637
0 0.02210591133004926 0.5304255319148936 0.04419950738916256 0.26300531914893616