5 0.5951994091580503 0.3677247191011236 0.15008862629246678 0.41879213483146066
5 0.4455096011816839 0.37539325842696625 0.15149187592319055 0.39325842696629215
6 0.321314623338257 0.3881460674157304 0.0964844903988183 0.3523876404494382
6 0.7167208271787298 0.3741011235955056 0.09295420974889217 0.3549438202247191
4 0.8060118168389955 0.33581460674157304 0.083589364844904 0.40603932584269664
4 0.22868537666174296 0.34985955056179774 0.09115214180206795 0.3830337078651686
1 0.8744756277695717 0.3434550561797753 0.054076809453471195 0.2732303370786517
1 0.15350073855243723 0.3536797752808989 0.06163958641063515 0.28856741573033706
3 0.9288478581979321 0.3179213483146068 0.05813884785819793 0.2783426966292135
3 0.09174298375184638 0.32047752808988766 0.06435745937961596 0.2783426966292135
0 0.9664401772525849 0.24002808988764046 0.02861152141802068 0.21960674157303373
0 0.04274741506646972 0.2681179775280899 0.04155096011816839 0.26047752808988767
5 0.5717134416543574 0.7239606741573035 0.10042836041358935 0.34474719101123596
5 0.4703397341211226 0.7214044943820225 0.1044903988183161 0.34985955056179774
4 0.36765140324963075 0.7584269662921348 0.11698670605612999 0.4239044943820225
4 0.6764549483013294 0.7303370786516854 0.1090546528803545 0.4034831460674157
1 0.7731166912850812 0.6448033707865168 0.08760709010339734 0.2834550561797753
1 0.25821270310192024 0.6307584269662921 0.09920236336779911 0.2808988764044944
3 0.8476218611521419 0.601376404494382 0.08629246676514032 0.26303370786516855
3 0.1890841949778434 0.601376404494382 0.07908419497784343 0.2375
0 0.9147562776957163 0.5694662921348315 0.08094534711964549 0.2247191011235955
0 0.11322008862629247 0.586067415730337 0.10193500738552438 0.24769662921348318
2 0.9677843426883309 0.49539325842696635 0.05546528803545051 0.17876404494382023
2 0.046765140324963074 0.5056179775280899 0.07107828655834564 0.18896067415730336