5 0.42109876543209873 0.30595 0.22718518518518518 0.46905
5 0.21832098765432098 0.31785 0.174358024691358 0.45
6 0.6336296296296297 0.31905 0.1978641975308642 0.4095166666666667
6 0.10724691358024692 0.32738333333333336 0.07565432098765432 0.3547666666666667
4 0.8364074074074074 0.29761666666666664 0.21556790123456793 0.4761833333333333
4 0.05081481481481481 0.31785 0.06861728395061728 0.36428333333333335
5 0.32237037037037036 0.7202333333333333 0.13553086419753085 0.33571666666666666
5 0.2042222222222222 0.7071500000000001 0.10382716049382715 0.3
6 0.4757777777777778 0.7202333333333333 0.16367901234567903 0.3261833333333333
6 0.11693827160493828 0.6904833333333333 0.07740740740740741 0.2952333333333333
4 0.6512222222222223 0.7381 0.18654320987654321 0.36666666666666664
4 0.06051851851851852 0.6809499999999999 0.07390123456790124 0.30951666666666666
1 0.8364074074074074 0.7773833333333333 0.1802962962962963 0.3547666666666667
3 0.9659259259259259 0.7547666666666667 0.06814814814814815 0.32381666666666664
1 0.9738641975308643 0.31666666666666665 0.05227160493827161 0.2857166666666667