5 0.5484888888888889 0.38729903536977495 0.13977777777777778 0.4004823151125402
5 0.4030666666666667 0.3917041800643087 0.14253333333333332 0.39755627009646305
6 0.27918518518518515 0.3712218649517685 0.09948148148148149 0.34491961414790995
6 0.6730518518518519 0.3683279742765273 0.10068148148148147 0.362475884244373
4 0.1950222222222222 0.36684887459807075 0.07124444444444444 0.3654019292604502
4 0.7653037037037038 0.3609967845659164 0.08114074074074075 0.3829260450160772
1 0.8326222222222222 0.3536977491961415 0.04884444444444444 0.2981672025723473
1 0.13442962962962962 0.362475884244373 0.04702222222222222 0.2981672025723473
3 0.8770666666666667 0.32009646302250805 0.0326962962962963 0.24845659163987138
3 0.09672592592592594 0.34639871382636656 0.030874074074074075 0.24845659163987138
0 0.9127407407407407 0.2762379421221865 0.034059259259259254 0.23093247588424434
0 0.06576296296296297 0.2996141479099679 0.03358518518518519 0.23093247588424434
2 0.9470814814814814 0.19147909967845658 0.03002962962962963 0.19585209003215434
5 0.5141629629629629 0.7059485530546624 0.08997037037037037 0.28938906752411575
5 0.4205777777777778 0.707395498392283 0.08866666666666667 0.3040192926045016
6 0.3269925925925926 0.6942443729903537 0.09811851851851852 0.3127652733118971
6 0.613125925925926 0.7015434083601286 0.10205925925925927 0.3215434083601286
4 0.23878518518518518 0.6913183279742765 0.08065185185185185 0.3595498392282958
4 0.7073925925925926 0.6810932475884244 0.08317037037037037 0.3566237942122186
1 0.7868444444444445 0.6489389067524115 0.07037037037037037 0.2747588424437299
1 0.17414814814814814 0.6430868167202572 0.0672 0.23971061093247586
3 0.8501333333333334 0.6007073954983922 0.054237037037037035 0.20170418006430868
3 0.1250074074074074 0.5992282958199358 0.05241481481481482 0.2104501607717042
0 0.9080296296296295 0.5086173633440515 0.06234074074074074 0.23971061093247586
0 0.08191111111111112 0.5422508038585209 0.060503703703703705 0.19585209003215434
2 0.952474074074074 0.40778135048231506 0.051585185185185185 0.19
2 0.0496 0.4633118971061093 0.04167407407407407 0.1432475884244373