5 0.5788227334235453 0.3830935251798561 0.14178619756427605 0.44964028776978415
5 0.43608930987821376 0.39568345323741005 0.1404871447902571 0.4172661870503597
5 0.4489445196211096 0.7356115107913669 0.08500676589986468 0.2697841726618705
5 0.5335047361299052 0.7338129496402878 0.08362652232746955 0.2589928057553957
6 0.31094722598105545 0.368705035971223 0.10400541271989175 0.37050359712230213
6 0.3582949932341001 0.710431654676259 0.09316644113667116 0.3129496402877698
6 0.6200947225981055 0.7122302158273381 0.08358592692828147 0.3237410071942446
6 0.6965223274695534 0.3597122302158273 0.09573748308525033 0.37410071942446044
4 0.21826792963464142 0.3776978417266187 0.07833558863328823 0.4316546762589928
4 0.27036535859269284 0.7428057553956835 0.07966170500676589 0.37050359712230213
4 0.700595399188092 0.7248201438848921 0.07679296346414073 0.36330935251798563
4 0.7817591339648173 0.32194244604316546 0.076765899864682 0.5287769784172662
1 0.7723004059539919 0.7302158273381295 0.063234100135318 0.2733812949640288
1 0.20001353179972936 0.737410071942446 0.05534506089309878 0.2805755395683453
1 0.1546955345060893 0.4118705035971223 0.043179972936400544 0.34172661870503596
1 0.8392692828146143 0.368705035971223 0.04292286874154262 0.38489208633093525
3 0.8839106901217862 0.35251798561151076 0.042909336941813266 0.4172661870503597
3 0.11207036535859269 0.41906474820143885 0.04184032476319351 0.29136690647482016
3 0.1540189445196211 0.7302158273381295 0.03912043301759134 0.2805755395683453
3 0.8270906630581868 0.7068345323741008 0.04021650879566982 0.27697841726618705
0 0.9285656292286875 0.329136690647482 0.04288227334235453 0.3776978417266187
0 0.06675236806495263 0.3830935251798561 0.04592692828146143 0.3489208633093525
0 0.10530446549391068 0.7230215827338129 0.05537212449255751 0.302158273381295
0 0.8771447902571042 0.6798561151079137 0.05914749661705007 0.23741007194244604
2 0.02615696887686062 0.31654676258992803 0.03240866035182679 0.22302158273381295
2 0.055250338294993234 0.6690647482014388 0.04457374830852503 0.2158273381294964
2 0.9245060893098782 0.6276978417266187 0.03748308525033829 0.20503597122302158