5 0.6128571428571429 0.4124691358024691 0.1536524300441826 0.39842592592592596
5 0.4569072164948454 0.40966049382716047 0.1550515463917526 0.40966049382716047
5 0.5813991163475699 0.746358024691358 0.09343151693667157 0.26935185185185184
5 0.4877025036818851 0.7449382716049383 0.09346097201767305 0.2609567901234568
6 0.32304860088365245 0.42929012345679013 0.11226804123711341 0.34793209876543213
6 0.38796759941089837 0.7435493827160494 0.10287187039764359 0.2805864197530864
6 0.7413696612665684 0.4152777777777778 0.10005891016200294 0.35354938271604935
6 0.6771134020618557 0.7365432098765432 0.0920618556701031 0.283395061728395
4 0.8290574374079528 0.3844135802469136 0.06924889543446244 0.39842592592592596
4 0.22399116347569956 0.39842592592592596 0.08285714285714285 0.38719135802469135
4 0.2849042709867452 0.7337345679012346 0.09487481590574375 0.34512345679012346
4 0.7668041237113402 0.7435493827160494 0.08399116347569956 0.30302469135802473
1 0.8866273932253314 0.3773765432098765 0.043225331369661266 0.3395061728395062
1 0.15170839469808542 0.39141975308641974 0.05879234167893962 0.3395061728395062
1 0.20123711340206182 0.6902469135802469 0.0668041237113402 0.2581481481481481
1 0.8357437407952872 0.6776234567901235 0.050500736377025034 0.18799382716049381
3 0.8832695139911635 0.6411419753086419 0.041104565537555225 0.18799382716049381
3 0.13497790868924892 0.657962962962963 0.06281296023564065 0.1936111111111111
3 0.9247717231222385 0.3773765432098765 0.031192930780559645 0.2497222222222222
3 0.09951399116347569 0.3745679012345679 0.04541973490427099 0.2497222222222222
0 0.9602503681885125 0.3773765432098765 0.04057437407952872 0.22728395061728396
0 0.04662739322533137 0.37598765432098763 0.057496318114874816 0.2581481481481481
0 0.07273932253313696 0.6018518518518519 0.07220913107511046 0.18237654320987656
0 0.9267746686303386 0.5962345679012346 0.0424300441826215 0.18237654320987656
2 0.008483063328424153 0.3521296296296296 0.016008836524300442 0.18237654320987656
2 0.022533136966126657 0.5499382716049382 0.0334020618556701 0.08978395061728395
2 0.9649189985272458 0.5499382716049382 0.03572901325478645 0.10663580246913579