5 0.6128571428571429 0.4054320987654321 0.14562592047128128 0.4124691358024691
5 0.4569072164948454 0.4026234567901234 0.16041237113402063 0.4012345679012346
6 0.3203681885125184 0.42929012345679013 0.10958762886597938 0.3423148148148148
6 0.7420618556701031 0.4124691358024691 0.10742268041237113 0.35354938271604935
4 0.8297349042709867 0.38719135802469135 0.07399116347569956 0.3928086419753086
4 0.22466863033873344 0.4026234567901234 0.08419734904270987 0.39
1 0.8846097201767305 0.38580246913580246 0.039204712812960237 0.3114506172839506
1 0.1523858615611193 0.397037037037037 0.06013254786450663 0.35074074074074074
3 0.9187481590574375 0.3717592592592593 0.032518409425625915 0.26654320987654323
3 0.10017673048600884 0.38299382716049385 0.04944035346097202 0.2553395061728395
0 0.9568924889543446 0.37037037037037035 0.03923416789396171 0.24691358024691357
0 0.04662739322533137 0.3745679012345679 0.05213549337260677 0.2721604938271605
2 0.010957290132547865 0.3521296296296296 0.021899852724594993 0.17675925925925928
2 0.9816642120765832 0.3395061728395062 0.021840942562592048 0.1627469135802469
5 0.5847569955817379 0.7154938271604938 0.1001178203240059 0.29182098765432096
5 0.48636229749631815 0.7253086419753086 0.09346097201767305 0.300216049382716
6 0.3853019145802651 0.7168827160493827 0.10287187039764359 0.300216049382716
6 0.6791458026509573 0.7042592592592593 0.08597938144329897 0.32546296296296295
4 0.7694992636229749 0.7042592592592593 0.08734904270986746 0.37598765432098763
4 0.28758468335787923 0.7140740740740741 0.09220913107511046 0.373179012345679
1 0.8277319587628865 0.6677777777777778 0.05926362297496318 0.24691358024691357
1 0.20123711340206182 0.6677777777777778 0.07751104565537556 0.28620370370370374
3 0.8799263622974963 0.6341049382716049 0.04589101620029455 0.18518518518518517
3 0.13565537555228277 0.6369135802469136 0.05879234167893962 0.20762345679012345
0 0.9247717231222385 0.5892283950617284 0.044580265095729016 0.17395061728395061
0 0.06737849779086892 0.5948456790123456 0.06684830633284242 0.18518518518518517
2 0.9649337260677467 0.5541666666666667 0.033873343151693665 0.12064814814814816
2 0.02521354933726068 0.5359259259259259 0.041428571428571426 0.12907407407407406