5 0.552094395280236 0.5847567567567568 0.13513274336283188 0.6683243243243243
5 0.4166961651917404 0.5945945945945946 0.13519174041297935 0.6486486486486487
6 0.2987315634218289 0.5675675675675675 0.09769911504424778 0.5552972972972973
6 0.6707374631268437 0.5651351351351351 0.0988938053097345 0.5700000000000001
4 0.7706194690265487 0.5184324324324324 0.09752212389380531 0.5454594594594594
4 0.204882005899705 0.5061621621621621 0.08700589970501475 0.5405405405405406
1 0.84905604719764 0.4521081081081081 0.05936578171091445 0.4914054054054054
1 0.13853982300884957 0.43486486486486486 0.0428023598820059 0.457027027027027
3 0.8932890855457227 0.38821621621621616 0.03256637168141593 0.3537837837837838
3 0.10367256637168143 0.35627027027027025 0.02672566371681416 0.3685405405405406
0 0.930825958702065 0.258 0.03793510324483776 0.33908108108108104
0 0.07351032448377581 0.2727027027027027 0.03343657817109145 0.2408108108108108