5 0.5769489247311828 0.4780058651026393 0.15830645161290322 0.375366568914956
5 0.4224059139784946 0.46187683284457476 0.15029569892473119 0.3724340175953079
5 0.4519758064516129 0.7873900293255132 0.09653225806451612 0.2785923753665689
5 0.5487365591397849 0.8035190615835777 0.09649193548387097 0.2756598240469208
6 0.7106586021505377 0.45161290322580644 0.10584677419354839 0.34017595307917886
6 0.2934005376344086 0.43255131964809385 0.1046505376344086 0.31378299120234604
6 0.35319892473118275 0.7360703812316716 0.0952284946236559 0.2991202346041056
6 0.6522043010752688 0.7873900293255132 0.10451612903225807 0.3255131964809384
4 0.19463709677419355 0.40175953079178883 0.09259408602150537 0.31085043988269795
4 0.2530913978494624 0.7082111436950147 0.09392473118279569 0.2903225806451613
4 0.8080913978494624 0.4237536656891496 0.08564516129032258 0.3548387096774194
4 0.7536693548387097 0.7331378299120235 0.0897043010752688 0.3519061583577713
1 0.1261021505376344 0.37976539589442815 0.04693548387096774 0.2668621700879765
1 0.1690994623655914 0.658357771260997 0.07110215053763441 0.2727272727272727
1 0.839005376344086 0.6803519061583577 0.08025537634408603 0.31671554252199413
1 0.879986559139785 0.39002932551319647 0.05470430107526882 0.2991202346041056
3 0.929717741935484 0.3709677419354839 0.04744623655913978 0.2668621700879765
3 0.07705645161290323 0.312316715542522 0.04829301075268817 0.26099706744868034
3 0.11669354838709677 0.5909090909090909 0.0496236559139785 0.16715542521994134
3 0.9001478494623656 0.6392961876832844 0.04126344086021505 0.1935483870967742
0 0.9740725806451613 0.3064516129032258 0.039395161290322576 0.21994134897360704
0 0.027997311827956988 0.2287390029325513 0.04428763440860215 0.26392961876832843
0 0.06092741935483871 0.4912023460410557 0.0805510752688172 0.2434017595307918
0 0.9586021505376344 0.5630498533724341 0.06946236559139785 0.24633431085043989