5 0.584556040756914 0.36524999999999996 0.13864628820960698 0.41882142857142857
5 0.44630276564774385 0.3555357142857143 0.13737991266375546 0.4383214285714286
5 0.5475109170305676 0.7158928571428571 0.08045123726346434 0.29546428571428573
5 0.4628384279475983 0.7175357142857143 0.08048034934497816 0.2922142857142857
6 0.3265647743813683 0.34414285714285714 0.09905385735080058 0.38310714285714287
6 0.3715574963609898 0.7029285714285715 0.09110625909752548 0.3344285714285714
6 0.6321834061135371 0.7012857142857143 0.08570596797671033 0.33117857142857143
6 0.6970160116448326 0.3538928571428572 0.08304221251819505 0.37014285714285716
4 0.7770596797671034 0.3181785714285714 0.07374090247452693 0.4220714285714286
4 0.23263464337700143 0.31657142857142856 0.08586608442503639 0.4383214285714286
4 0.2862154294032023 0.6818214285714286 0.07922852983988356 0.35714285714285715
4 0.7122270742358079 0.6980357142857142 0.07112081513828239 0.3246785714285714
1 0.8379330422125182 0.29382142857142857 0.05328966521106259 0.39285714285714285
1 0.16251819505094614 0.31982142857142853 0.05413391557496361 0.41232142857142856
1 0.2127947598253275 0.6688214285714286 0.06470160116448326 0.3116785714285714
1 0.7797088791848616 0.6704642857142856 0.06315866084425037 0.2759642857142857
3 0.8306404657933042 0.625 0.04065502183406113 0.25649999999999995
3 0.15656477438136826 0.6493571428571429 0.0475254730713246 0.25325
3 0.8809170305676857 0.2759642857142857 0.03534206695778749 0.3636428571428571
3 0.11754002911208151 0.3068214285714286 0.038282387190684136 0.3538928571428572
0 0.10695778748180496 0.5957857142857143 0.0488646288209607 0.22403571428571428
0 0.08181950509461426 0.29546428571428573 0.03034934497816594 0.3116785714285714
0 0.917962154294032 0.24839285714285714 0.03532751091703057 0.31492857142857145
0 0.8795924308588063 0.5535714285714286 0.05915574963609898 0.17857142857142858