5 0.5942780748663101 0.39923954372623577 0.14103386809269164 0.41825095057034223
5 0.4440641711229947 0.42505703422053237 0.15128342245989307 0.4263878326996198
6 0.7133333333333334 0.45083650190114066 0.09705882352941177 0.2661596958174905
6 0.3154901960784314 0.4318250950570342 0.10550802139037432 0.3204942965779468
4 0.805614973262032 0.4006083650190114 0.08818181818181818 0.3666539923954373
4 0.21429590017825312 0.43045627376425855 0.09663101604278075 0.3395057034220533
1 0.8705347593582887 0.38836501901140685 0.07292335115864527 0.3041825095057034
1 0.13472370766488415 0.38022813688212925 0.06992869875222815 0.29330798479087455
3 0.9271836007130124 0.343574144486692 0.04367201426024955 0.25802281368821295
3 0.08381461675579323 0.3490114068441065 0.03429590017825312 0.22
0 0.9590017825311943 0.25935361216730035 0.033493761140819964 0.2308365019011407
0 0.03989304812834225 0.2770342205323194 0.048324420677361854 0.24444866920152095
5 0.5796613190730838 0.7835361216730038 0.10208556149732621 0.34490494296577945
5 0.4835472370766488 0.7767680608365019 0.0906060606060606 0.3096197718631179
6 0.671319073083779 0.7536501901140684 0.08429590017825311 0.3231939163498099
6 0.38552584670231727 0.7876045627376426 0.10582887700534759 0.3313307984790875
4 0.7578787878787879 0.7387452471482889 0.09197860962566845 0.3747908745247148
4 0.30087344028520496 0.7428136882129278 0.10197860962566845 0.3340684410646388
1 0.8374331550802139 0.669467680608365 0.08310160427807486 0.2634600760456274
1 0.22702317290552584 0.6871102661596958 0.08921568627450979 0.23901140684410646
3 0.8858110516934047 0.6178707224334601 0.052566844919786096 0.1493916349809886
3 0.1436541889483066 0.628745247148289 0.08028520499108734 0.19281368821292777
0 0.9360962566844919 0.5336882129277567 0.056399286987522286 0.1874144486692015
0 0.07873440285204991 0.5106083650190114 0.031889483065953655 0.11406844106463879