5 0.5965435745937961 0.3702808988764045 0.15008862629246678 0.40856741573033706
5 0.44751846381093063 0.3804775280898876 0.14745937961595273 0.3881460674157304
5 0.5730576070901033 0.7456460674157303 0.0977400295420975 0.33707865168539325
5 0.47236336779911375 0.7456460674157303 0.10314623338257016 0.33707865168539325
6 0.32199409158050224 0.3855898876404495 0.09782865583456427 0.3523876404494382
6 0.7193943870014771 0.3741011235955056 0.09499261447562778 0.3549438202247191
4 0.6757607090103398 0.7494943820224719 0.10709010339734121 0.39070224719101126
4 0.3662924667651403 0.7724719101123596 0.10587887740029543 0.42134831460674155
4 0.8059970457902511 0.3408988764044944 0.08019202363367799 0.4009269662921348
4 0.22734121122599704 0.35879213483146066 0.09115214180206795 0.39070224719101126
1 0.26023633677991137 0.6435112359550562 0.10322008862629246 0.30132022471910114
1 0.7757754800590843 0.6588483146067416 0.0949778434268833 0.2808988764044944
1 0.14948301329394387 0.3536797752808989 0.05896602658788774 0.303876404494382
1 0.8744608567208272 0.3408988764044944 0.05332348596750369 0.28856741573033706
3 0.08838995568685377 0.32047752808988766 0.05765140324963072 0.2834550561797753
3 0.9328655834564253 0.3166573033707865 0.05732644017725259 0.2808988764044944
3 0.1857311669128508 0.607752808988764 0.06968980797636633 0.20941011235955057
3 0.8476070901033974 0.6026685393258427 0.0828655834564254 0.22983146067415727
0 0.9154062038404727 0.5758426966292135 0.08149187592319054 0.23238764044943822
0 0.1051698670605613 0.5796629213483147 0.08852289512555392 0.2349438202247191
0 0.03871491875923191 0.26429775280898876 0.038862629246676515 0.25280898876404495
0 0.9704579025110783 0.23876404494382023 0.019719350073855245 0.211938202247191
2 0.9657607090103398 0.4851966292134831 0.058655834564254064 0.1430056179775281
2 0.047444608567208266 0.49157303370786515 0.05363367799113737 0.145561797752809