5 0.5776209677419355 0.47653958944281527 0.1542741935483871 0.36070381231671556
5 0.425766129032258 0.46187683284457476 0.15163978494623656 0.36656891495601174
6 0.29676075268817204 0.436950146627566 0.10599462365591397 0.31671554252199413
6 0.7093145161290323 0.45161290322580644 0.10853494623655914 0.3225806451612903
4 0.1952956989247312 0.3870967741935484 0.09931451612903226 0.3284457478005865
4 0.8101209677419355 0.4237536656891496 0.09038978494623656 0.31378299120234604
1 0.88 0.3973607038123167 0.06623655913978495 0.3020527859237537
1 0.13013440860215053 0.3782991202346041 0.05768817204301076 0.2697947214076246
3 0.9277016129032258 0.375366568914956 0.051465053763440856 0.2697947214076246
3 0.08241935483870967 0.3152492668621701 0.04829301075268817 0.2434017595307918
0 0.9754166666666667 0.2991202346041056 0.042083333333333334 0.21114369501466276
0 0.032701612903225805 0.22580645161290322 0.04830645161290322 0.2697947214076246
5 0.5514247311827957 0.7917888563049853 0.09111559139784947 0.2991202346041056
5 0.4566801075268817 0.7859237536656891 0.09518817204301075 0.2932551319648094
6 0.3565591397849462 0.7360703812316716 0.10194892473118279 0.2932551319648094
6 0.6542204301075268 0.7859237536656891 0.10586021505376345 0.3225806451612903
4 0.752997311827957 0.7302052785923754 0.09373655913978494 0.3460410557184751
4 0.2584677419354839 0.6950146627565983 0.10197580645161292 0.31671554252199413
1 0.8410215053763441 0.6862170087976539 0.07891129032258065 0.3343108504398827
1 0.1744758064516129 0.6480938416422287 0.08454301075268816 0.2756598240469208
3 0.8974731182795699 0.6202346041055719 0.04741935483870968 0.2316715542521994
3 0.12475806451612902 0.5674486803519062 0.06037634408602151 0.1906158357771261
0 0.9592876344086022 0.5747800586510264 0.06893817204301075 0.25219941348973607
0 0.0636021505376344 0.48826979472140764 0.0859274193548387 0.25513196480938416