5 0.5548294434470378 0.4890946502057613 0.1170915619389587 0.31337448559670783
5 0.4374685816876122 0.48592592592592593 0.11714542190305206 0.31337448559670783
5 0.5513824057450628 0.7597530864197531 0.07429084380610414 0.22160493827160493
5 0.4795870736086176 0.750246913580247 0.06879712746858169 0.21526748971193416
6 0.34289048473967687 0.4890946502057613 0.07161579892280072 0.28172839506172836
6 0.40917414721723516 0.7534156378600824 0.0715798922800718 0.21526748971193416
6 0.6501077199281867 0.47798353909465024 0.07287253141831239 0.26592592592592595
6 0.6224955116696589 0.7312345679012345 0.0673608617594255 0.22790123456790123
4 0.7260502692998205 0.4748148148148148 0.07285457809694794 0.3039094650205761
4 0.2717773788150808 0.4732510288065844 0.07025134649910234 0.31337448559670783
4 0.3304667863554758 0.7660493827160494 0.08265709156193896 0.26592592592592595
4 0.6942908438061042 0.7423045267489712 0.07285457809694794 0.2564197530864198
1 0.7868222621184919 0.48748971193415636 0.048689407540394976 0.22160493827160493
1 0.2193177737881508 0.500164609053498 0.034380610412926386 0.2595884773662551
1 0.26556552962298025 0.7169958847736625 0.0688689407540395 0.1677777777777778
1 0.7605745062836624 0.7169958847736625 0.05350089766606823 0.19308641975308644
3 0.82754039497307 0.4811522633744856 0.03351885098743268 0.234238683127572
3 0.18549371633752243 0.47798353909465024 0.035763016157989234 0.26592592592592595
3 0.21793536804308797 0.7138271604938272 0.05095152603231597 0.16144032921810697
3 0.8082046678635548 0.6885185185185185 0.052100538599640936 0.17411522633744858
0 0.8682764811490126 0.45584362139917695 0.043195691202872526 0.22790123456790123
0 0.14682226211849192 0.454238683127572 0.03854578096947935 0.26275720164609057
0 0.1682226211849192 0.7217283950617284 0.04543985637342908 0.21526748971193416
0 0.8592998204667863 0.6616049382716049 0.049317773788150804 0.17094650205761316
2 0.13992818671454219 0.6457613168724279 0.04684021543985637 0.12662551440329217
2 0.900718132854578 0.6251851851851852 0.029982046678635545 0.1551028806584362
2 0.9034829443447038 0.3988477366255144 0.0244524236983842 0.15193415637860083