5 0.5764162561576355 0.3246599496221662 0.17757389162561577 0.4645843828715365
5 0.4047167487684729 0.31345088161209067 0.16259852216748769 0.4813853904282116
6 0.263128078817734 0.2826700251889169 0.1120320197044335 0.4365994962216625
6 0.7276231527093596 0.28546599496221664 0.11935960591133005 0.42541561712846343
4 0.1591502463054187 0.25468513853904284 0.09017241379310345 0.44780856423173804
4 0.8322783251231527 0.24629722921914357 0.08793103448275863 0.45899244332493705
1 0.9082019704433498 0.22949622166246852 0.0674384236453202 0.3806297229219144
1 0.08391625615763547 0.22249370277078084 0.060110837438423645 0.3834256926952141
3 0.9554064039408866 0.19171284634760705 0.04966748768472906 0.3106549118387909
3 0.03602216748768473 0.1847103274559194 0.057389162561576355 0.3302518891687658
0 0.9779679802955665 0.12594458438287154 0.039248768472906405 0.2518891687657431
5 0.599679802955665 0.7640554156171284 0.10369458128078818 0.3582367758186398
5 0.4922906403940887 0.7780604534005038 0.10509852216748769 0.3806297229219144
6 0.38352216748768475 0.7822670025188917 0.11745073891625617 0.37224181360201514
6 0.7036576354679803 0.7598740554156171 0.10639162561576354 0.3834256926952141
4 0.2672290640394089 0.7920403022670025 0.11476600985221674 0.40302267002518893
4 0.8055788177339901 0.7556675062972292 0.09677339901477833 0.431007556675063
1 0.8876847290640394 0.6941057934508816 0.07837438423645321 0.3694458438287153
1 0.16804187192118225 0.7696725440806046 0.11068965517241379 0.37503778337531485
3 0.1099014778325123 0.6758942065491184 0.09019704433497536 0.3106549118387909
0 0.9567610837438424 0.5779345088161209 0.07619458128078817 0.327455919395466
0 0.05449507389162562 0.5933501259445844 0.0833743842364532 0.3022670025188917