5 0.6040970350404313 0.3595890410958904 0.1560242587601078 0.4178082191780822
5 0.4451078167115903 0.363013698630137 0.15877358490566038 0.4315068493150685
6 0.3177762803234501 0.3613013698630137 0.10358490566037735 0.3664383561643836
6 0.7368463611859838 0.3339041095890411 0.1067789757412399 0.3664383561643836
4 0.8338679245283019 0.3236301369863014 0.08256064690026954 0.3184931506849315
4 0.22142857142857145 0.3441780821917808 0.09148247978436658 0.3938356164383562
1 0.8931536388140162 0.3236301369863014 0.05293800539083558 0.2842465753424658
1 0.14462264150943396 0.3938356164383562 0.056482479784366574 0.2876712328767123
3 0.9221159029649596 0.3253424657534247 0.01925876010781671 0.1917808219178082
3 0.10218328840970349 0.3681506849315068 0.03090296495956873 0.24315068493150685
0 0.9423315363881402 0.2893835616438356 0.02196765498652291 0.1678082191780822
0 0.06311320754716981 0.3561643835616438 0.04707547169811321 0.18493150684931506
2 0.9632210242587601 0.238013698630137 0.03409703504043127 0.17465753424657535
2 0.024703504043126684 0.3202054794520548 0.03227762803234501 0.17465753424657535
5 0.5663746630727763 0.6746575342465754 0.09405660377358492 0.3082191780821918
5 0.4680188679245283 0.7482876712328768 0.09948787061994609 0.3938356164383562
6 0.36897574123989213 0.7123287671232876 0.10355795148247979 0.3356164383561644
6 0.6681132075471699 0.6797945205479452 0.10884097035040433 0.3595890410958904
4 0.7617654986522912 0.6626712328767124 0.07512129380053909 0.3801369863013699
4 0.2719541778975741 0.738013698630137 0.0928167115902965 0.4212328767123288
1 0.8325202156334232 0.6284246575342466 0.06638814016172506 0.339041095890411
1 0.1985309973045822 0.7037671232876712 0.07532345013477089 0.3116438356164384
3 0.8749595687331537 0.589041095890411 0.043504043126684634 0.2191780821917808
3 0.15137466307277628 0.6643835616438356 0.06455525606469002 0.273972602739726
0 0.9106738544474394 0.547945205479452 0.039474393530997305 0.17123287671232876
0 0.09881401617250674 0.6301369863013698 0.06997304582210243 0.2191780821917808
2 0.9470485175202157 0.4589041095890411 0.04757412398921833 0.19863013698630136
2 0.049636118598382746 0.5428082191780822 0.06865229110512129 0.1952054794520548