5 0.5825738916256158 0.376781914893617 0.1570566502463054 0.458031914893617
5 0.41498768472906405 0.3900797872340425 0.17490147783251234 0.425531914893617
5 0.5586453201970444 0.7757180851063831 0.10097290640394088 0.35164893617021276
5 0.4560344827586207 0.7712765957446809 0.10100985221674877 0.3368882978723404
6 0.27201970443349754 0.3546010638297873 0.1106527093596059 0.3959840425531915
6 0.7125738916256158 0.3472340425531915 0.10293103448275862 0.39893617021276595
6 0.34795566502463054 0.7431914893617021 0.10926108374384236 0.3871276595744681
6 0.6633004926108375 0.7358244680851064 0.10503694581280788 0.37824468085106383
4 0.8220197044334976 0.2718617021276596 0.11666256157635468 0.425531914893617
4 0.16051724137931034 0.2836968085106383 0.10933497536945813 0.3959840425531915
4 0.23645320197044334 0.7121808510638297 0.10793103448275862 0.41372340425531917
4 0.7754802955665026 0.7106914893617022 0.11593596059113301 0.44031914893617025
1 0.9136822660098521 0.25710106382978726 0.06470443349753695 0.366436170212766
1 0.0668103448275862 0.258563829787234 0.07516009852216748 0.34574468085106386
1 0.14068965517241377 0.6855851063829786 0.11070197044334976 0.3723404255319149
1 0.8657758620689655 0.6914893617021277 0.10769704433497537 0.3723404255319149
3 0.013891625615763546 0.23492021276595745 0.027795566502463055 0.25710106382978726
3 0.06475369458128079 0.614654255319149 0.08474137931034482 0.3250531914893617
3 0.9519704433497537 0.6235106382978723 0.08029556650246306 0.31324468085106383
3 0.9718103448275862 0.23196808510638298 0.048830049261083745 0.28664893617021275
0 0.020295566502463055 0.5245212765957447 0.03960591133004926 0.25710106382978726