5 0.24398245614035086 0.4266875 0.13612280701754387 0.34375
5 0.12728070175438597 0.421875 0.09435087719298246 0.3389375
6 0.3829824561403509 0.43028125 0.13647368421052633 0.3076875
6 0.06319298245614036 0.4543125 0.03364912280701755 0.23078125
4 0.5239824561403509 0.4386875 0.14596491228070177 0.31009375
1 0.6670175438596491 0.43390625 0.13522807017543859 0.2668125
3 0.7931754385964912 0.4206875 0.11233333333333334 0.22115625
0 0.9240526315789475 0.38340625 0.14477192982456139 0.19471875
5 0.260859649122807 0.75 0.08350877192982456 0.2980625
5 0.18935087719298246 0.7548125 0.059245614035087726 0.28846875
6 0.13605263157894737 0.7548125 0.05250877192982456 0.27884375
6 0.3519298245614035 0.75840625 0.10910526315789473 0.3293125
4 0.09489473684210527 0.74278125 0.05117543859649123 0.2980625
4 0.479438596491228 0.73678125 0.1373859649122807 0.3581875
1 0.6150701754385964 0.6923125 0.14196491228070177 0.3173125
3 0.7607894736842105 0.63340625 0.14740350877192981 0.24278125
0 0.907859649122807 0.58653125 0.17984210526315791 0.20671875