5 0.5628911138923655 0.4373134328358209 0.13113892365456822 0.4388059701492537
5 0.4321276595744681 0.44328358208955226 0.13244055068836044 0.42686567164179107
5 0.45653316645807257 0.7970149253731343 0.0911389236545682 0.2865671641791045
5 0.5478848560700876 0.7970149253731343 0.09360450563204006 0.28059701492537314
6 0.31888610763454317 0.42388059701492536 0.09369211514392992 0.382089552238806
6 0.3670588235294117 0.7701492537313432 0.0874217772215269 0.3164179104477612
6 0.6748936170212766 0.42686567164179107 0.08979974968710888 0.4059701492537313
6 0.6429787234042553 0.7865671641791044 0.09106382978723405 0.3194029850746269
4 0.7618523153942428 0.3835820895522388 0.08101376720901127 0.4388059701492537
4 0.2337922403003755 0.3776119402985075 0.0737046307884856 0.3850746268656716
4 0.28010012515644556 0.744776119402985 0.08369211514392992 0.35522388059701493
4 0.730575719649562 0.7671641791044777 0.08352941176470588 0.3283582089552239
1 0.17247809762202754 0.33880597014925373 0.048698372966207756 0.3492537313432836
1 0.828811013767209 0.3925373134328358 0.05470588235294118 0.3373134328358209
1 0.21440550688360452 0.6582089552238806 0.06994993742177723 0.2716417910447761
1 0.8019023779724657 0.6970149253731344 0.05596996245306633 0.2537313432835821
3 0.870738423028786 0.3582089552238806 0.03665832290362953 0.25671641791044775
3 0.1299374217772215 0.3119402985074627 0.03869837296620776 0.25970149253731345
3 0.1580976220275344 0.5507462686567164 0.06246558197747184 0.2
3 0.8544555694618273 0.5955223880597015 0.04594493116395495 0.1582089552238806
0 0.09052565707133917 0.24477611940298508 0.03747183979974969 0.21492537313432836
0 0.9076470588235295 0.3164179104477612 0.0346558197747184 0.208955223880597
2 0.06299123904881102 0.17313432835820897 0.019962453066332916 0.11343283582089553
2 0.9351814768460576 0.21044776119402986 0.02041301627033792 0.08656716417910448
0 0.10803504380475594 0.4507462686567164 0.06249061326658323 0.14328358208955225
0 0.8994993742177723 0.5119402985074627 0.06594493116395495 0.1701492537313433
2 0.06862327909887359 0.31492537313432833 0.0337171464330413 0.08059701492537313
2 0.9251564455569462 0.39552238805970147 0.024643304130162705 0.07462686567164178