5 0.5822056833558863 0.381294964028777 0.13772665764546685 0.45323741007194246
5 0.44014884979702296 0.38669064748201437 0.1431935047361299 0.42805755395683454
6 0.31365358592692827 0.36151079136690645 0.10400541271989175 0.37050359712230213
6 0.6972259810554804 0.3435251798561151 0.08690121786197565 0.3920863309352518
4 0.7770500676589986 0.32014388489208634 0.07611637347767253 0.539568345323741
4 0.22165087956698243 0.37050359712230213 0.07968876860622463 0.43884892086330934
1 0.8379296346414074 0.36151079136690645 0.04637347767253045 0.4064748201438849
1 0.16077131258457375 0.39928057553956836 0.04453315290933694 0.3597122302158273
3 0.87851150202977 0.3471223021582734 0.04909336941813262 0.420863309352518
3 0.11545331529093368 0.4154676258992806 0.04589986468200271 0.29856115107913667
0 0.9265358592692828 0.329136690647482 0.042341001353179974 0.39928057553956836
0 0.07487144790257104 0.3669064748201439 0.03779431664411367 0.34532374100719426
2 0.033599458728010824 0.302158273381295 0.03916102841677943 0.2589928057553957
5 0.5301217861975642 0.6942446043165468 0.07956698240866035 0.30935251798561153
5 0.4462381596752368 0.7032374100719424 0.08500676589986468 0.3345323741007194
6 0.6167253044654939 0.7014388489208633 0.09092016238159675 0.33093525179856115
6 0.3610013531799729 0.6924460431654677 0.09046008119079837 0.3273381294964029
4 0.7012719891745602 0.7248201438848921 0.07607577807848444 0.35611510791366907
4 0.27307171853856566 0.7428057553956835 0.07966170500676589 0.39928057553956836
1 0.7696075778078485 0.7176258992805755 0.058511502029769964 0.3129496402877698
1 0.20339648173207037 0.7158273381294964 0.059391069012178624 0.3381294964028777
3 0.8203382949932341 0.7086330935251799 0.04365358592692828 0.2949640287769784
3 0.15062246278755076 0.710431654676259 0.043179972936400544 0.29856115107913667
0 0.8730987821380244 0.6744604316546763 0.06261163734776726 0.23381294964028776
0 0.10665764546684708 0.7068345323741008 0.05807848443843031 0.32014388489208634
2 0.9224763193504737 0.6187050359712231 0.03692828146143437 0.17985611510791366
2 0.056603518267929635 0.6510791366906474 0.04186738836265223 0.2446043165467626