5 0.5799272197962154 0.36850000000000005 0.13732168850072782 0.4318214285714286
5 0.44167394468704513 0.35875 0.13605531295487627 0.4318214285714286
6 0.6963755458515284 0.33767857142857144 0.08762736535662301 0.4026071428571429
6 0.32193595342066955 0.3473928571428571 0.10037845705967975 0.38310714285714287
4 0.7757496360989812 0.31982142857142853 0.07179039301310043 0.4253214285714286
4 0.22998544395924309 0.32142857142857145 0.08586608442503639 0.43507142857142855
1 0.830655021834061 0.2987142857142857 0.05724890829694323 0.3896071428571429
1 0.16647743813682678 0.31982142857142853 0.06206695778748181 0.40585714285714286
3 0.8743085880640465 0.28085714285714286 0.049330422125181954 0.3603928571428571
3 0.12017467248908298 0.3116785714285714 0.048850072780203785 0.35714285714285715
0 0.9153275109170306 0.25810714285714287 0.0387627365356623 0.3279285714285714
0 0.0778457059679767 0.2970714285714286 0.03034934497816594 0.30842857142857144
5 0.5461863173216885 0.6964285714285714 0.08045123726346434 0.31492857142857145
5 0.4568850072780204 0.7061785714285714 0.09238719068413391 0.31492857142857145
6 0.6295487627365357 0.6980357142857142 0.08570596797671033 0.35064285714285715
6 0.3656040756914119 0.6883214285714285 0.08713245997088792 0.33767857142857144
4 0.7089228529839883 0.6834285714285715 0.07244541484716158 0.3603928571428571
4 0.28489082969432317 0.6704642857142856 0.07922852983988356 0.36689285714285713
1 0.7777292576419214 0.6607142857142857 0.059199417758369725 0.28896428571428573
1 0.21080058224163026 0.6655714285714286 0.06337700145560407 0.3181785714285714
3 0.8253566229985444 0.6347499999999999 0.04666666666666667 0.28896428571428573
3 0.1558951965065502 0.6428571428571429 0.048850072780203785 0.2727142857142857
0 0.8782823871906841 0.5568214285714286 0.05461426491994178 0.1915714285714286
0 0.10563318777292575 0.5811785714285714 0.0488646288209607 0.23375