5 0.8493891797556719 0.3464102564102564 0.10834205933682373 0.36243589743589744
5 0.7151657940663176 0.35750000000000004 0.15403141361256545 0.3796794871794872
6 0.5695462478184992 0.3858333333333333 0.1393193717277487 0.3279166666666667
6 0.9265794066317625 0.325448717948718 0.046038394415357765 0.2909294871794872
4 0.9554450261780105 0.3032692307692308 0.023228621291448516 0.2662820512820513
4 0.4252530541012216 0.39817307692307696 0.14340314136125654 0.35750000000000004
1 0.28902268760907507 0.3969551282051282 0.12600349040139616 0.325448717948718
3 0.17022687609075043 0.3957051282051282 0.10860383944153577 0.24407051282051284
0 0.05949389179755672 0.35134615384615386 0.11535776614310644 0.25887820512820514
5 0.8285863874345549 0.6767628205128206 0.07211169284467714 0.29833333333333334
5 0.7460383944153578 0.7026602564102564 0.0869109947643979 0.31064102564102564
6 0.6460558464223386 0.731025641025641 0.11513089005235602 0.33775641025641023
6 0.8943804537521816 0.6373397435897435 0.06212914485165794 0.283525641025641
4 0.9527574171029668 0.6040384615384615 0.06080279232111693 0.2909294871794872
4 0.5218848167539267 0.7692307692307693 0.13263525305410123 0.41913461538461544
1 0.3856544502617801 0.7125320512820513 0.1313438045375218 0.31557692307692303
3 0.2514310645724258 0.6595192307692308 0.13406631762652704 0.2785897435897436
0 0.10579406631762653 0.6065064102564103 0.18378708551483422 0.2662820512820513